,0,1,2
0,10.0,0.0,0.0
1,9.0,0.0,0.0
2,11.0,0.0,0.0
3,12.0,0.0,0.0
4,10.0,0.0,0.0
5,12.0,0.0,0.0
6,12.0,0.0,0.0
7,9.0,0.0,0.0
8,12.0,0.0,0.0
9,17.0,2.0,0.625232439736797
10,17.0,2.0,0.725182455422724
11,13.0,2.0,0.7775285967780299
12,8.0,2.0,0.8495231303624722
13,9.0,2.0,0.7589284364463996
14,16.0,2.0,0.7545479042084139
15,15.0,2.0,0.8152013904717014
16,18.0,2.0,0.6292038842657571
17,9.0,2.0,0.7126274355277658
18,10.0,2.0,0.6112734697266071
19,9.0,0.0,0.0
20,14.0,0.0,0.0
21,17.0,0.0,0.0
22,14.0,0.0,0.0
23,12.0,0.0,0.0
24,7.0,0.0,0.0
25,9.0,0.0,0.0
26,10.0,0.0,0.0
27,5.0,2.0,0.41921315531945813
28,8.0,2.0,0.5763555166934179
29,9.0,2.0,0.6274130002385616
30,15.0,2.0,0.6702564601839002
31,14.0,2.0,0.6260419049881757
32,9.0,2.0,0.7818919396159052
33,15.0,3.0,0.849647241134065
34,16.0,3.0,0.9179753698305114
35,13.0,3.0,0.917452057215323
36,12.0,3.0,0.7769053947068472
37,10.0,1.0,0.18834617417251492
38,10.0,1.0,0.21032391150844906
39,13.0,1.0,0.17710283733160356
40,9.0,1.0,0.1589227215712369
41,11.0,1.0,0.11301701497502925
42,9.0,1.0,0.12565869868066085
43,14.0,0.0,0.0
44,9.0,0.0,0.0
45,7.0,0.0,0.0
46,6.0,0.0,0.0
47,8.0,0.0,0.0
48,8.0,0.0,0.0
49,9.0,0.0,0.0
50,8.0,0.0,0.0
51,12.0,0.0,0.0
52,12.0,0.0,0.0
53,9.0,0.0,0.0
54,15.0,0.0,0.0
55,10.0,0.0,0.0
56,8.0,0.0,0.0
57,16.0,0.0,0.0
58,11.0,0.0,0.0
59,11.0,0.0,0.0
60,10.0,0.0,0.0
61,9.0,0.0,0.0
62,13.0,0.0,0.0
63,17.0,0.0,0.0
64,7.0,0.0,0.0
65,7.0,0.0,0.0
66,17.0,0.0,0.0
67,14.0,0.0,0.0
68,8.0,0.0,0.0
69,8.0,0.0,0.0
70,14.0,0.0,0.0
71,8.0,2.0,0.9255520240624522
72,13.0,2.0,0.5654164823059046
73,7.0,2.0,0.24361298270446502
74,16.0,2.0,0.8574215372522922
75,13.0,2.0,1.0218080028229666
76,14.0,2.0,1.031839454863788
77,7.0,2.0,0.8142610251128208
78,15.0,2.0,0.9190902453055798
79,8.0,2.0,0.7975881550916053
80,7.0,2.0,0.6904778944252055
81,13.0,0.0,0.0
82,18.0,0.0,0.0
83,13.0,0.0,0.0
84,14.0,0.0,0.0
85,10.0,0.0,0.0
86,8.0,0.0,0.0
87,5.0,0.0,0.0
88,13.0,0.0,0.0
89,10.0,0.0,0.0
90,11.0,0.0,0.0
91,16.0,0.0,0.0
92,12.0,0.0,0.0
93,13.0,0.0,0.0
94,12.0,0.0,0.0
95,12.0,0.0,0.0
96,17.0,0.0,0.0
97,8.0,0.0,0.0
98,8.0,0.0,0.0
99,9.0,0.0,0.0
100,15.0,0.0,0.0
101,15.0,0.0,0.0
102,8.0,0.0,0.0
103,13.0,0.0,0.0
104,10.0,0.0,0.0
105,12.0,0.0,0.0
106,8.0,0.0,0.0
107,14.0,0.0,0.0
108,13.0,0.0,0.0
109,16.0,0.0,0.0
110,17.0,0.0,0.0
111,11.0,0.0,0.0
112,16.0,0.0,0.0
113,10.0,0.0,0.0
114,13.0,0.0,0.0
115,10.0,0.0,0.0
116,9.0,0.0,0.0
117,13.0,0.0,0.0
118,10.0,0.0,0.0
119,17.0,0.0,0.0
120,16.0,0.0,0.0
121,14.0,0.0,0.0
122,8.0,0.0,0.0
123,15.0,0.0,0.0
124,10.0,0.0,0.0
125,8.0,0.0,0.0
126,9.0,0.0,0.0
127,8.0,0.0,0.0
128,7.0,0.0,0.0
129,11.0,0.0,0.0
130,9.0,0.0,0.0
131,13.0,0.0,0.0
132,7.0,0.0,0.0
133,9.0,0.0,0.0
134,11.0,0.0,0.0
135,9.0,0.0,0.0
136,9.0,0.0,0.0
137,11.0,0.0,0.0
138,11.0,0.0,0.0
139,15.0,0.0,0.0
140,14.0,1.0,0.43421417369640447
141,16.0,1.0,0.016512452786006517
142,12.0,1.0,0.35782289155765923
143,10.0,1.0,0.3322748730207186
144,16.0,1.0,0.3568483204728147
145,12.0,1.0,0.38426462742833656
146,8.0,1.0,0.4481904195625378
147,16.0,1.0,0.4327588413421148
148,13.0,1.0,0.4383642970752561
149,10.0,1.0,0.36495522879690984
150,11.0,0.0,0.0
151,12.0,0.0,0.0
152,12.0,0.0,0.0
153,12.0,0.0,0.0
154,12.0,0.0,0.0
155,8.0,0.0,0.0
156,9.0,0.0,0.0
157,5.0,0.0,0.0
158,10.0,0.0,0.0
159,11.0,0.0,0.0
160,11.0,0.0,0.0
161,11.0,0.0,0.0
162,8.0,0.0,0.0
163,7.0,0.0,0.0
164,14.0,0.0,0.0
165,11.0,0.0,0.0
166,12.0,0.0,0.0
167,13.0,0.0,0.0
168,11.0,0.0,0.0
169,12.0,0.0,0.0
170,13.0,0.0,0.0
171,9.0,0.0,0.0
172,15.0,1.0,0.5266091322760407
173,14.0,1.0,0.6209718474634971
174,16.0,2.0,0.6266606178390748
175,6.0,2.0,0.7581453939870252
176,8.0,2.0,1.1065492264814851
177,13.0,2.0,0.9724039502749727
178,14.0,2.0,0.8659646305681074
179,8.0,2.0,0.821570433687463
180,16.0,2.0,0.9666196137545832
181,9.0,2.0,0.3023038955342024
182,19.0,1.0,0.22039169440210496
183,10.0,1.0,0.15875034928173018
184,7.0,0.0,0.0
185,8.0,0.0,0.0
186,11.0,0.0,0.0
187,10.0,0.0,0.0
188,10.0,0.0,0.0
189,10.0,0.0,0.0
190,11.0,0.0,0.0
191,12.0,0.0,0.0
192,11.0,0.0,0.0
193,18.0,0.0,0.0
194,15.0,0.0,0.0
195,8.0,0.0,0.0
196,12.0,0.0,0.0
197,6.0,0.0,0.0
198,14.0,2.0,0.4474466805768052
199,9.0,2.0,0.7312519147950218
200,12.0,2.0,0.614794863153618
201,12.0,2.0,0.6968103478644335
202,13.0,2.0,0.6038692839055593
203,16.0,2.0,0.7319879281151204
204,10.0,2.0,0.8668052578428177
205,14.0,2.0,0.7880463249450872
206,15.0,2.0,0.9351755195499827
207,17.0,2.0,0.582416876480353
208,9.0,0.0,0.0
209,11.0,0.0,0.0
210,18.0,0.0,0.0
211,17.0,0.0,0.0
212,14.0,0.0,0.0
213,6.0,0.0,0.0
214,9.0,0.0,0.0
215,13.0,0.0,0.0
216,6.0,0.0,0.0
217,13.0,0.0,0.0
218,12.0,1.0,0.5474024839997186
219,8.0,1.0,0.2172773484142681
220,13.0,1.0,0.009936115388719247
221,8.0,1.0,0.46344734395162224
222,5.0,1.0,0.6102970689256109
223,7.0,1.0,0.6241523301503161
224,17.0,1.0,0.5551683597365106
225,12.0,1.0,0.36757559382208477
226,12.0,1.0,0.5697727245214024
227,18.0,1.0,0.5930387194893055
228,12.0,0.0,0.0
229,14.0,0.0,0.0
230,13.0,0.0,0.0
231,15.0,0.0,0.0
232,10.0,0.0,0.0
233,12.0,0.0,0.0
234,13.0,1.0,0.2117720554103093
235,12.0,1.0,0.2169506635179363
236,13.0,1.0,0.2745661394960853
237,12.0,1.0,0.2570283340792162
238,17.0,1.0,0.21247351719465055
239,12.0,1.0,0.20938591052809138
240,15.0,2.0,0.4209355736585766
241,17.0,2.0,0.14159765158284926
242,10.0,2.0,0.745420037617193
243,6.0,2.0,0.8791876628424056
244,11.0,1.0,0.9467498467004972
245,10.0,1.0,0.7477754196320717
246,7.0,1.0,1.0804810903149913
247,13.0,1.0,1.1224773687446765
248,13.0,1.0,1.1742787767738891
249,11.0,1.0,0.8473176563529258
250,8.0,0.0,0.0
251,13.0,0.0,0.0
252,14.0,0.0,0.0
253,11.0,0.0,0.0
254,12.0,0.0,0.0
255,8.0,0.0,0.0
256,9.0,0.0,0.0
257,10.0,0.0,0.0
258,6.0,0.0,0.0
259,13.0,0.0,0.0
260,10.0,0.0,0.0
261,15.0,0.0,0.0
262,15.0,0.0,0.0
263,15.0,0.0,0.0
264,12.0,0.0,0.0
265,7.0,0.0,0.0
266,9.0,0.0,0.0
267,14.0,0.0,0.0
268,15.0,0.0,0.0
269,16.0,0.0,0.0
270,9.0,0.0,0.0
271,8.0,0.0,0.0
272,16.0,0.0,0.0
273,13.0,2.0,0.7564728098171023
274,17.0,2.0,0.45893149294829166
275,8.0,2.0,1.3591885943289808
276,13.0,2.0,1.0536419472432728
277,15.0,2.0,1.3052523708729182
278,11.0,2.0,1.2278787901595314
279,12.0,2.0,1.2047901680216206
280,19.0,2.0,0.8199116150636436
281,12.0,2.0,1.182667858615574
282,12.0,2.0,0.6692630369851131
283,10.0,0.0,0.0
284,13.0,0.0,0.0
285,13.0,1.0,0.7617390712893612
286,11.0,1.0,0.7095426586954358
287,14.0,1.0,0.7418888703996998
288,14.0,1.0,0.7303869769840816
289,10.0,1.0,0.7351287315264683
290,11.0,1.0,0.722070302768781
291,17.0,1.0,0.7419189059224507
292,10.0,1.0,0.7327740375477634
293,11.0,1.0,0.6250583065690789
294,9.0,1.0,0.6075184036716472
295,12.0,0.0,0.0
296,14.0,0.0,0.0
297,13.0,1.0,0.4273473222352941
298,9.0,1.0,0.42515927483326127
299,10.0,1.0,0.42591128173775344
300,17.0,1.0,0.4289797876390237
301,13.0,1.0,0.429203645122808
302,13.0,1.0,0.42483741020222493
303,15.0,1.0,0.4263978006276351
304,11.0,1.0,0.4252081148432111
305,14.0,1.0,0.4377216580407265
306,14.0,1.0,0.41712261771761733
307,8.0,0.0,0.0
308,8.0,0.0,0.0
309,10.0,0.0,0.0
310,13.0,0.0,0.0
311,13.0,0.0,0.0
312,11.0,0.0,0.0
313,12.0,0.0,0.0
314,15.0,0.0,0.0
315,13.0,0.0,0.0
316,13.0,0.0,0.0
317,14.0,0.0,0.0
318,12.0,0.0,0.0
319,12.0,0.0,0.0
320,9.0,0.0,0.0
321,9.0,0.0,0.0
322,11.0,0.0,0.0
323,12.0,0.0,0.0
324,13.0,0.0,0.0
325,11.0,0.0,0.0
326,8.0,0.0,0.0
327,15.0,0.0,0.0
328,12.0,0.0,0.0
329,10.0,0.0,0.0
330,13.0,0.0,0.0
331,15.0,1.0,1.0230697657791974
332,10.0,1.0,1.1648932411553734
333,9.0,1.0,1.112958763452116
334,11.0,1.0,1.1237624805655702
335,8.0,1.0,1.1005047202942801
336,8.0,1.0,1.1320695763742945
337,12.0,1.0,1.063132934723982
338,11.0,1.0,1.0084974993494622
339,19.0,1.0,1.00350559875054
340,16.0,1.0,1.1047761016643034
341,9.0,0.0,0.0
342,9.0,0.0,0.0
343,6.0,0.0,0.0
344,13.0,0.0,0.0
345,10.0,0.0,0.0
346,12.0,0.0,0.0
347,12.0,0.0,0.0
348,12.0,0.0,0.0
349,10.0,0.0,0.0
350,9.0,0.0,0.0
351,9.0,0.0,0.0
352,8.0,0.0,0.0
353,9.0,0.0,0.0
354,14.0,0.0,0.0
355,16.0,1.0,0.9443662004542116
356,11.0,1.0,0.9411213309814591
357,14.0,1.0,0.9458108125232736
358,11.0,1.0,0.9357727750254602
359,6.0,1.0,0.9475042598389073
360,11.0,1.0,0.9526778251158603
361,10.0,2.0,1.5549052707563842
362,9.0,2.0,1.5625796505399827
363,12.0,2.0,1.5649782115114925
364,12.0,2.0,1.5747451900323177
365,10.0,1.0,0.6264817221910406
366,14.0,1.0,0.6294738051711981
367,13.0,1.0,0.6264775238769077
368,16.0,1.0,0.6254965863577877
369,10.0,2.0,1.4050587811943007
370,13.0,2.0,1.6077076525659861
371,11.0,1.0,0.5733619638511414
372,12.0,1.0,0.8824566083193988
373,11.0,1.0,1.0109939625265314
374,10.0,1.0,0.8927457256486773
375,14.0,1.0,1.071287785925041
376,6.0,1.0,0.7004207887148217
377,15.0,1.0,0.9334175828893825
378,20.0,1.0,0.8010615353681804
379,10.0,0.0,0.0
380,14.0,0.0,0.0
381,14.0,0.0,0.0
382,9.0,0.0,0.0
383,5.0,0.0,0.0
384,13.0,0.0,0.0
385,14.0,0.0,0.0
386,10.0,0.0,0.0
387,12.0,0.0,0.0
388,12.0,0.0,0.0
389,8.0,0.0,0.0
390,15.0,0.0,0.0
391,7.0,0.0,0.0
392,12.0,0.0,0.0
393,10.0,0.0,0.0
394,10.0,2.0,1.251271531498017
395,15.0,2.0,1.2618185015713965
396,14.0,2.0,1.2748125363534077
397,10.0,2.0,1.290263091997688
398,10.0,2.0,1.2939422306077883
399,14.0,2.0,1.2907854562483514
400,14.0,2.0,1.2873140827774074
401,10.0,2.0,1.2808675592554157
402,11.0,2.0,1.271586338405963
403,10.0,2.0,1.2574001120607166
404,15.0,0.0,0.0
405,14.0,0.0,0.0
406,10.0,0.0,0.0
407,13.0,0.0,0.0
408,17.0,1.0,0.35910362963209985
409,6.0,1.0,0.3609432681603995
410,18.0,1.0,0.3623521068974556
411,9.0,1.0,0.3633894111474672
412,19.0,1.0,0.3633379371658771
413,14.0,1.0,0.36273442623453667
414,10.0,1.0,0.3624570496499968
415,13.0,1.0,0.36207345105232736
416,12.0,1.0,0.36225926691706684
417,12.0,1.0,0.36224501645401097
418,15.0,0.0,0.0
419,12.0,0.0,0.0
420,15.0,0.0,0.0
421,15.0,0.0,0.0
422,9.0,0.0,0.0
423,20.0,0.0,0.0
424,6.0,0.0,0.0
425,7.0,0.0,0.0
426,5.0,0.0,0.0
427,11.0,0.0,0.0
428,10.0,0.0,0.0
429,10.0,0.0,0.0
430,9.0,0.0,0.0
431,10.0,0.0,0.0
432,11.0,1.0,0.7234782285602956
433,13.0,1.0,0.7258206200817878
434,9.0,1.0,0.7281673429622508
435,3.0,1.0,0.730241739518693
436,12.0,1.0,0.7315943452107425
437,20.0,1.0,0.7305917974673485
438,20.0,1.0,0.7305850357130865
439,7.0,1.0,0.7303619778800821
440,7.0,1.0,0.7280065103365359
441,16.0,1.0,0.7292949665363285
442,12.0,1.0,0.689434854750186
443,10.0,1.0,0.6945039149485419
444,15.0,1.0,0.6986710046905934
445,17.0,1.0,0.7026232597727078
446,14.0,2.0,1.9595290607620788
447,13.0,2.0,1.9677438584355422
448,10.0,2.0,1.965280655882971
449,13.0,2.0,1.9615948918209019
450,11.0,2.0,1.9534463449086084
451,11.0,2.0,1.9461899641388296
452,7.0,1.0,1.2630858125046176
453,18.0,1.0,1.2615782599794163
454,15.0,1.0,1.2594153759241533
455,19.0,1.0,1.2556419603408704
456,10.0,0.0,0.0
457,13.0,0.0,0.0
458,15.0,0.0,0.0
459,6.0,0.0,0.0
460,11.0,0.0,0.0
461,8.0,0.0,0.0
462,11.0,0.0,0.0
463,8.0,0.0,0.0
464,5.0,0.0,0.0
465,10.0,0.0,0.0
466,15.0,0.0,0.0
467,8.0,0.0,0.0
468,14.0,0.0,0.0
469,11.0,0.0,0.0
470,14.0,0.0,0.0
471,18.0,0.0,0.0
472,5.0,0.0,0.0
473,10.0,0.0,0.0
474,11.0,1.0,0.7541358159080837
475,11.0,1.0,0.7880212626442776
476,9.0,1.0,0.8805089797539869
477,8.0,1.0,0.9788943910890535
478,13.0,1.0,0.9656415047931544
479,13.0,1.0,0.9714692734445015
480,10.0,1.0,0.9463806415363674
481,8.0,1.0,0.7827328079587609
482,10.0,1.0,0.7757476794907886
483,17.0,1.0,0.726290024814413
484,11.0,0.0,0.0
485,18.0,0.0,0.0
486,13.0,0.0,0.0
487,19.0,0.0,0.0
488,7.0,0.0,0.0
489,11.0,0.0,0.0
490,9.0,0.0,0.0
491,8.0,0.0,0.0
492,12.0,0.0,0.0
493,12.0,0.0,0.0
494,12.0,0.0,0.0
495,17.0,0.0,0.0
496,18.0,0.0,0.0
497,16.0,1.0,0.4635632770905622
498,7.0,1.0,0.470065402182984
499,15.0,1.0,0.4721218046035621
500,11.0,1.0,0.47459117331636236
501,15.0,1.0,0.4762989040801213
502,14.0,1.0,0.476847432516755
503,9.0,1.0,0.4769027003757795
504,12.0,1.0,0.4768546110830922
505,8.0,1.0,0.4768804980995706
506,7.0,1.0,0.47742275118702465
507,11.0,0.0,0.0
508,10.0,0.0,0.0
509,9.0,0.0,0.0
510,12.0,0.0,0.0
511,15.0,0.0,0.0
512,17.0,0.0,0.0
513,12.0,1.0,0.47975832825593423
514,7.0,1.0,0.4870663945948268
515,10.0,1.0,0.4916964674565127
516,8.0,1.0,0.4926860417197745
517,11.0,1.0,0.49788742325485275
518,15.0,1.0,0.4862330005590388
519,13.0,1.0,0.4860755960172643
520,15.0,1.0,0.474635016243489
521,9.0,2.0,0.6367789886514355
522,12.0,2.0,0.6344409151204063
523,11.0,1.0,0.24647525794385544
524,13.0,1.0,0.2544369924888491
525,11.0,2.0,1.1237692660476364
526,7.0,2.0,1.151595551627916
527,14.0,2.0,1.1745376542335701
528,11.0,2.0,1.1961582446071866
529,7.0,3.0,1.5194265232689093
530,12.0,3.0,1.5079226536517805
531,12.0,2.0,1.2412386755395373
532,16.0,2.0,1.2194997771153107
533,7.0,2.0,1.1737842912025946
534,14.0,2.0,1.1550435921511815
535,11.0,2.0,0.4686409169130422
536,10.0,2.0,0.5294570098267886
537,8.0,2.0,0.6607536477862204
538,11.0,2.0,0.8299067308338848
539,9.0,2.0,1.8972605673939362
540,16.0,2.0,1.8227655928972202
541,11.0,2.0,1.9756445411815209
542,17.0,2.0,1.9647073962368196
543,5.0,3.0,2.6311175286476844
544,18.0,3.0,2.606248819340879
545,14.0,2.0,1.9473290531579193
546,11.0,2.0,1.9520750188363782
547,11.0,2.0,1.9459996050668233
548,11.0,2.0,1.9406345657181838
549,15.0,1.0,0.7347949280708537
550,8.0,1.0,0.7369463663243984
551,10.0,1.0,0.7384646777599141
552,9.0,1.0,0.7371613380626871
553,16.0,0.0,0.0
554,11.0,0.0,0.0
555,11.0,1.0,0.42167684858463667
556,11.0,1.0,0.4456089120427531
557,15.0,1.0,0.44567452052925277
558,8.0,1.0,0.4800795586471267
559,10.0,1.0,0.44568617094628343
560,16.0,1.0,0.41175524530994784
561,9.0,1.0,0.4181499338668637
562,14.0,1.0,0.41872033667134584
563,10.0,1.0,0.4059224243335121
564,15.0,1.0,0.44932394337388826
565,11.0,0.0,0.0
566,13.0,0.0,0.0
567,9.0,0.0,0.0
568,5.0,0.0,0.0
569,10.0,1.0,0.471660368772265
570,9.0,1.0,0.47479942713574436
571,7.0,1.0,0.47510100714898595
572,5.0,1.0,0.47642973528198396
573,7.0,1.0,0.47873273459752075
574,11.0,1.0,0.4810439943939558
575,9.0,1.0,0.48253222090761116
576,12.0,1.0,0.4765176174260775
577,8.0,1.0,0.4493299319861367
578,15.0,1.0,0.4187938335571576
579,10.0,0.0,0.0
580,8.0,0.0,0.0
581,12.0,1.0,0.43858755079185374
582,12.0,1.0,0.4726652841304441
583,12.0,1.0,0.4749337320232362
584,14.0,1.0,0.4321676105886131
585,14.0,1.0,0.41168389617472106
586,10.0,1.0,0.4222849009704039
587,9.0,1.0,0.43026760115292767
588,11.0,1.0,0.4548321220879327
589,18.0,1.0,0.46979499792574475
590,13.0,1.0,0.4516273596996633
591,11.0,0.0,0.0
592,13.0,0.0,0.0
593,14.0,1.0,0.5656665015045418
594,18.0,3.0,1.8229136250443323
595,9.0,3.0,1.8796907043420192
596,6.0,3.0,1.9343285430347892
597,14.0,3.0,2.041114954539945
598,12.0,3.0,2.1520002849754167
599,12.0,3.0,2.104688125905295
600,13.0,3.0,1.9445688845900755
601,14.0,3.0,1.8036314647928824
602,16.0,3.0,1.7572005241333586
603,14.0,2.0,1.3944477818473513
604,13.0,0.0,0.0
605,10.0,0.0,0.0
606,11.0,1.0,0.5170054530505876
607,9.0,1.0,0.544587928987141
608,19.0,1.0,0.5880513836673469
609,8.0,1.0,0.6085717899446912
610,6.0,1.0,0.5894258864484058
611,17.0,1.0,0.5273093739459546
612,9.0,1.0,0.5953680236321288
613,14.0,1.0,0.6112827093955303
614,17.0,1.0,0.5986656239216349
615,13.0,1.0,0.5795329711150442
616,14.0,0.0,0.0
617,14.0,0.0,0.0
618,17.0,0.0,0.0
619,16.0,0.0,0.0
620,17.0,0.0,0.0
621,5.0,0.0,0.0
622,7.0,0.0,0.0
623,9.0,0.0,0.0
624,10.0,0.0,0.0
625,14.0,0.0,0.0
626,11.0,0.0,0.0
627,14.0,0.0,0.0
628,16.0,0.0,0.0
629,13.0,0.0,0.0
630,15.0,1.0,0.2885644394612289
631,16.0,1.0,0.33588772097122943
632,9.0,1.0,0.38002262092120204
633,12.0,1.0,0.39620670135396086
634,20.0,1.0,0.39347920361452304
635,14.0,1.0,0.432474285181049
636,8.0,1.0,0.4275967937169973
637,17.0,1.0,0.41766425107648064
638,7.0,1.0,0.3818984624720633
639,15.0,1.0,0.35064499563964435
640,13.0,0.0,0.0
641,14.0,0.0,0.0
642,15.0,0.0,0.0
643,12.0,0.0,0.0
644,9.0,0.0,0.0
645,6.0,0.0,0.0
646,15.0,1.0,0.3352074795471859
647,12.0,1.0,0.34184390998190617
648,12.0,1.0,0.3756492629329556
649,10.0,1.0,0.4107607916189352
650,10.0,1.0,0.40278876414673614
651,12.0,1.0,0.4288708037374806
652,7.0,1.0,0.3906781528295507
653,11.0,1.0,0.33422735919364904
654,17.0,1.0,0.34033256165327297
655,16.0,1.0,0.34375021692863644
656,13.0,0.0,0.0
657,8.0,0.0,0.0
658,9.0,0.0,0.0
659,17.0,0.0,0.0
660,15.0,0.0,0.0
661,13.0,0.0,0.0
662,18.0,0.0,0.0
663,11.0,0.0,0.0
664,8.0,1.0,1.0172604396611862
665,8.0,1.0,1.0305287282633067
666,14.0,2.0,1.2001970450017563
667,13.0,2.0,1.395739065727169
668,11.0,2.0,1.4818938786722178
669,16.0,2.0,1.3201504443921226
670,12.0,2.0,1.2904278204613822
671,8.0,2.0,0.9391334019650771
672,9.0,2.0,0.45779787077135436
673,11.0,2.0,0.30839378617165186
674,11.0,1.0,0.16258804225046716
675,9.0,1.0,0.09997912269831431
676,10.0,0.0,0.0
677,8.0,0.0,0.0
678,17.0,0.0,0.0
679,14.0,0.0,0.0
680,10.0,0.0,0.0
681,9.0,0.0,0.0
682,9.0,0.0,0.0
683,9.0,0.0,0.0
684,14.0,0.0,0.0
685,16.0,0.0,0.0
686,7.0,0.0,0.0
687,8.0,0.0,0.0
688,11.0,0.0,0.0
689,12.0,0.0,0.0
690,11.0,0.0,0.0
691,13.0,0.0,0.0
692,7.0,1.0,0.6181125045388614
693,10.0,1.0,0.6533133597054888
694,16.0,1.0,0.6231186468895601
695,14.0,1.0,0.6060901049417606
696,14.0,1.0,0.6419153427424682
697,16.0,1.0,0.6875064853140709
698,10.0,1.0,0.6468436492968275
699,10.0,1.0,0.550627607745844
700,7.0,4.0,1.7601052481081974
701,14.0,4.0,1.8789138813234771
702,14.0,3.0,1.475904247628446
703,16.0,3.0,1.5734754052266304
704,11.0,3.0,1.6471168591730703
705,10.0,3.0,1.6769537741287959
706,9.0,3.0,1.5424990234000506
707,7.0,3.0,1.3042969769582677
708,13.0,3.0,1.1110304132229192
709,14.0,3.0,1.031820720826822
710,8.0,0.0,0.0
711,11.0,0.0,0.0
712,5.0,1.0,0.46831032760793895
713,19.0,1.0,0.5360254406184642
714,12.0,1.0,0.5514727980648553
715,15.0,1.0,0.5581323726801946
716,9.0,1.0,0.5690413536697678
717,10.0,1.0,0.5710694305601284
718,16.0,1.0,0.563923820488571
719,10.0,1.0,0.5490378750709555
720,19.0,2.0,1.0838291791005008
721,10.0,2.0,1.08329747701264
722,9.0,1.0,0.4829508967414397
723,11.0,1.0,0.07759099628406588
724,12.0,1.0,0.06640686782588558
725,8.0,1.0,0.13843738515734524
726,7.0,1.0,0.5244485211138044
727,17.0,1.0,0.6214410674653146
728,15.0,1.0,0.6167608394117059
729,13.0,1.0,0.6200426446139691
730,11.0,0.0,0.0
731,21.0,0.0,0.0
732,10.0,0.0,0.0
733,17.0,0.0,0.0
734,15.0,0.0,0.0
735,9.0,0.0,0.0
736,9.0,0.0,0.0
737,11.0,0.0,0.0
738,8.0,0.0,0.0
739,10.0,1.0,0.6414011147177021
740,12.0,1.0,0.6630632102444538
741,11.0,1.0,0.7023180812573975
742,12.0,1.0,0.7787093967141464
743,12.0,1.0,0.786707616702849
744,12.0,1.0,0.7257978617627083
745,13.0,1.0,0.7062838359309344
746,13.0,1.0,0.7005398219143988
747,14.0,1.0,0.674873949102985
748,7.0,1.0,0.6005190829073142
749,13.0,0.0,0.0
750,12.0,0.0,0.0
751,12.0,0.0,0.0
752,15.0,0.0,0.0
753,16.0,0.0,0.0
754,13.0,0.0,0.0
755,10.0,0.0,0.0
756,14.0,0.0,0.0
757,16.0,0.0,0.0
758,9.0,0.0,0.0
759,10.0,0.0,0.0
760,14.0,0.0,0.0
761,14.0,0.0,0.0
762,9.0,0.0,0.0
763,6.0,0.0,0.0
764,7.0,0.0,0.0
765,13.0,1.0,0.4460807083166389
766,11.0,1.0,0.47142605179966623
767,15.0,1.0,0.4842308172433182
768,8.0,1.0,0.48440997398186364
769,11.0,1.0,0.47773516590593756
770,17.0,1.0,0.4697834419604487
771,9.0,2.0,0.6476132653898661
772,11.0,2.0,0.6606988215944986
773,9.0,2.0,0.6887756377698382
774,6.0,2.0,0.6230719910766626
775,10.0,1.0,0.30793932436951227
776,6.0,1.0,0.3257883047752695
777,15.0,1.0,0.32900681152338057
778,15.0,1.0,0.3188442355107175
779,16.0,1.0,0.3015603635727916
780,13.0,1.0,0.28975661285071314
781,16.0,0.0,0.0
782,14.0,0.0,0.0
783,8.0,0.0,0.0
784,7.0,0.0,0.0
785,18.0,1.0,0.18059435104926086
786,15.0,1.0,0.1879410203548821
787,16.0,3.0,1.3800990388788374
788,17.0,3.0,1.5044727314487196
789,14.0,3.0,1.5469336320157616
790,12.0,3.0,1.5737668866256502
791,15.0,3.0,1.5906423117454533
792,11.0,3.0,1.5943776574499564
793,12.0,3.0,1.5705121687515797
794,8.0,3.0,1.5007982040897034
795,15.0,2.0,1.2259336219048076
796,12.0,2.0,1.158665560926528
797,7.0,0.0,0.0
798,9.0,0.0,0.0
799,10.0,0.0,0.0
800,13.0,0.0,0.0
801,13.0,0.0,0.0
802,15.0,0.0,0.0
803,16.0,0.0,0.0
804,10.0,0.0,0.0
805,13.0,0.0,0.0
806,15.0,0.0,0.0
807,7.0,1.0,0.2957884619716814
808,11.0,1.0,0.288190417110242
809,13.0,1.0,0.2766609647089648
810,9.0,1.0,0.2864228693842164
811,11.0,1.0,0.2976516365282457
812,8.0,1.0,0.29062031968268165
813,9.0,1.0,0.289420777746277
814,13.0,1.0,0.289715517808926
815,15.0,1.0,0.284452977541004
816,19.0,1.0,0.2717662288612679
817,12.0,0.0,0.0
818,15.0,0.0,0.0
819,10.0,0.0,0.0
820,14.0,0.0,0.0
821,12.0,0.0,0.0
822,10.0,0.0,0.0
823,8.0,0.0,0.0
824,11.0,0.0,0.0
825,17.0,1.0,1.316430380704646
826,12.0,1.0,1.369729594232343
827,9.0,1.0,1.3920323402764265
828,15.0,1.0,1.4020889377706347
829,8.0,1.0,1.4066044800686959
830,13.0,1.0,1.4058498799284047
831,14.0,1.0,1.4055077651173107
832,12.0,1.0,1.3727353512273508
833,16.0,1.0,1.3292852665874546
834,15.0,1.0,1.278439828094844
835,19.0,0.0,0.0
836,8.0,0.0,0.0
837,13.0,0.0,0.0
838,12.0,0.0,0.0
839,7.0,0.0,0.0
840,18.0,0.0,0.0
841,15.0,0.0,0.0
842,17.0,0.0,0.0
843,15.0,0.0,0.0
844,9.0,0.0,0.0
845,13.0,0.0,0.0
846,11.0,1.0,0.8581793106352074
847,7.0,1.0,0.8813864210978863
848,20.0,1.0,0.9211681419262283
849,10.0,1.0,1.0081954388455467
850,10.0,1.0,1.0440364579404022
851,11.0,1.0,1.0096732476543242
852,18.0,1.0,0.9613028126735635
853,14.0,1.0,0.9299210331624648
854,13.0,1.0,0.8644765139440312
855,11.0,1.0,0.6095863370699803
856,7.0,0.0,0.0
857,13.0,0.0,0.0
858,16.0,0.0,0.0
859,11.0,0.0,0.0
860,13.0,1.0,0.525470155040537
861,17.0,1.0,0.5260251729779118
862,12.0,2.0,0.9856927222535561
863,18.0,2.0,1.1052085378078171
864,8.0,2.0,1.2994955301626625
865,12.0,2.0,1.3677855315582912
866,14.0,3.0,2.260554902534829
867,8.0,3.0,2.3159155771850886
868,15.0,3.0,2.5086738462138047
869,12.0,3.0,2.5825233946606376
870,12.0,2.0,1.9574521295479728
871,14.0,2.0,1.6199301358112774
872,13.0,1.0,1.0821022358268564
873,10.0,1.0,1.119270497843951
874,12.0,1.0,1.1019180581969512
875,11.0,1.0,1.0523154728941457
876,18.0,0.0,0.0
877,14.0,0.0,0.0
878,11.0,1.0,1.0682056146449341
879,9.0,1.0,1.1008056991427961
880,10.0,1.0,1.1269232924759238
881,10.0,1.0,1.1529576556118957
882,10.0,1.0,1.1398572951405368
883,17.0,1.0,1.0718533088835684
884,11.0,1.0,1.033908044904659
885,7.0,1.0,1.0722584738125744
886,14.0,1.0,1.1059080245527424
887,12.0,1.0,0.97881905398442
888,13.0,0.0,0.0
889,15.0,0.0,0.0
890,14.0,0.0,0.0
891,11.0,0.0,0.0
892,7.0,0.0,0.0
893,12.0,0.0,0.0
894,10.0,1.0,0.3876059020800641
895,10.0,1.0,0.45679689937267687
896,12.0,1.0,0.48962626042212687
897,11.0,1.0,0.5390582722671349
898,14.0,1.0,0.5473419758408952
899,19.0,1.0,0.5168946404055551
900,7.0,1.0,0.4529518564409398
901,12.0,1.0,0.3634742726851298
902,18.0,1.0,0.14272759534600793
903,10.0,1.0,0.03892189240255006
904,10.0,0.0,0.0
905,13.0,0.0,0.0
906,12.0,0.0,0.0
907,14.0,0.0,0.0
908,17.0,0.0,0.0
909,7.0,0.0,0.0
910,12.0,0.0,0.0
911,13.0,0.0,0.0
912,8.0,0.0,0.0
913,7.0,0.0,0.0
914,9.0,0.0,0.0
915,11.0,0.0,0.0
916,9.0,0.0,0.0
917,11.0,0.0,0.0
918,13.0,0.0,0.0
919,12.0,0.0,0.0
920,12.0,0.0,0.0
921,12.0,0.0,0.0
922,14.0,0.0,0.0
923,13.0,0.0,0.0
924,22.0,0.0,0.0
925,18.0,0.0,0.0
926,9.0,0.0,0.0
927,6.0,0.0,0.0
928,6.0,0.0,0.0
929,12.0,0.0,0.0
930,12.0,0.0,0.0
931,10.0,0.0,0.0
932,11.0,0.0,0.0
933,9.0,0.0,0.0
934,10.0,0.0,0.0
935,19.0,0.0,0.0
936,15.0,0.0,0.0
937,9.0,0.0,0.0
938,11.0,0.0,0.0
939,12.0,0.0,0.0
940,11.0,1.0,0.9297777459519553
941,13.0,1.0,0.9357170596230912
942,12.0,1.0,0.9403151562468895
943,16.0,1.0,0.9419258858316051
944,12.0,1.0,0.9480062419313431
945,12.0,1.0,0.9567409210219973
946,9.0,1.0,0.9539513176018151
947,14.0,1.0,0.9359099099730797
948,7.0,1.0,0.9078903662155001
949,11.0,1.0,0.8739102933204592
950,12.0,0.0,0.0
951,20.0,0.0,0.0
952,13.0,0.0,0.0
953,11.0,0.0,0.0
954,16.0,0.0,0.0
955,10.0,0.0,0.0
956,5.0,0.0,0.0
957,21.0,0.0,0.0
958,14.0,0.0,0.0
959,14.0,0.0,0.0
960,9.0,0.0,0.0
961,15.0,0.0,0.0
962,11.0,0.0,0.0
963,11.0,0.0,0.0
964,11.0,0.0,0.0
965,16.0,0.0,0.0
966,10.0,0.0,0.0
967,15.0,0.0,0.0
968,15.0,0.0,0.0
969,8.0,0.0,0.0
970,8.0,0.0,0.0
971,12.0,0.0,0.0
972,14.0,0.0,0.0
973,8.0,0.0,0.0
974,12.0,0.0,0.0
975,11.0,0.0,0.0
976,14.0,0.0,0.0
977,10.0,1.0,0.4987276553907612
978,18.0,1.0,0.7571753276297188
979,6.0,1.0,0.807072626290937
980,17.0,1.0,0.7983176625654609
981,14.0,1.0,0.8083981768392198
982,10.0,1.0,0.8358065997855004
983,13.0,1.0,0.8509136961889252
984,12.0,1.0,0.8307313730112376
985,14.0,1.0,0.7822466172160912
986,6.0,1.0,0.6686495434614339
987,9.0,0.0,0.0
988,9.0,0.0,0.0
989,16.0,1.0,0.5542552183287333
990,13.0,1.0,0.5880024557822496
991,14.0,1.0,0.5917141982700392
992,14.0,1.0,0.5428009270458398
993,13.0,1.0,0.5435231052841799
994,12.0,1.0,0.586349944787665
995,5.0,1.0,0.5915748589593299
996,8.0,1.0,0.5735590883560935
997,11.0,1.0,0.5366595255230492
998,13.0,1.0,0.4894776937151115
999,12.0,0.0,0.0
1000,12.0,0.0,0.0
1001,15.0,0.0,0.0
1002,8.0,1.0,0.8446491532446725
1003,9.0,1.0,0.9194359632932447
1004,10.0,1.0,0.9328090970881463
1005,15.0,1.0,0.9435156258757005
1006,11.0,1.0,0.9620172701954118
1007,12.0,1.0,0.9780738854818342
1008,8.0,1.0,0.9758760990031378
1009,13.0,1.0,0.9445776183282895
1010,9.0,1.0,0.888485981996536
1011,6.0,1.0,0.844232448255603
1012,7.0,0.0,0.0
1013,12.0,0.0,0.0
1014,12.0,0.0,0.0
1015,13.0,0.0,0.0
1016,16.0,0.0,0.0
1017,13.0,0.0,0.0
1018,7.0,0.0,0.0
1019,18.0,0.0,0.0
1020,10.0,0.0,0.0
1021,11.0,0.0,0.0
1022,4.0,0.0,0.0
1023,11.0,0.0,0.0
1024,16.0,0.0,0.0
1025,5.0,0.0,0.0
1026,11.0,0.0,0.0
1027,10.0,1.0,0.6271350569435084
1028,15.0,1.0,0.682603415740711
1029,13.0,1.0,0.7796587623384157
1030,9.0,1.0,0.8154162952371988
1031,12.0,1.0,0.8173930073369237
1032,8.0,1.0,0.805834828076385
1033,10.0,1.0,0.7911821685151729
1034,12.0,1.0,0.7831773607903914
1035,13.0,2.0,1.468932342529194
1036,11.0,2.0,1.4970857310750803
1037,9.0,1.0,0.7318847516574728
1038,13.0,1.0,0.7103036102199053
1039,13.0,2.0,0.9301132643262763
1040,7.0,2.0,1.0077388924524011
1041,10.0,2.0,1.0502772399589018
1042,13.0,2.0,1.0110507489880995
1043,9.0,2.0,0.9496843070791805
1044,15.0,2.0,0.901224763966626
1045,8.0,1.0,0.3405907612749317
1046,10.0,1.0,0.339221074835932
1047,15.0,1.0,0.3282566554278812
1048,11.0,1.0,0.30937870952125945
1049,16.0,0.0,0.0
1050,13.0,0.0,0.0
1051,6.0,0.0,0.0
1052,12.0,0.0,0.0
1053,7.0,0.0,0.0
1054,12.0,0.0,0.0
1055,11.0,0.0,0.0
1056,12.0,1.0,0.3120251837731261
1057,16.0,1.0,0.31890080010401706
1058,10.0,1.0,0.36662254352649043
1059,18.0,1.0,0.37163121895912066
1060,11.0,1.0,0.39407016231458203
1061,14.0,1.0,0.3903910584200182
1062,14.0,1.0,0.3929153428737182
1063,6.0,1.0,0.372096571972684
1064,10.0,1.0,0.3459012356475663
1065,15.0,1.0,0.3167334882345964
1066,14.0,0.0,0.0
1067,10.0,0.0,0.0
1068,14.0,0.0,0.0
1069,15.0,0.0,0.0
1070,13.0,0.0,0.0
1071,17.0,0.0,0.0
1072,11.0,0.0,0.0
1073,16.0,0.0,0.0
1074,8.0,0.0,0.0
1075,9.0,0.0,0.0
1076,7.0,0.0,0.0
1077,10.0,0.0,0.0
1078,13.0,0.0,0.0
1079,19.0,0.0,0.0
1080,20.0,0.0,0.0
1081,17.0,0.0,0.0
1082,16.0,0.0,0.0
1083,6.0,0.0,0.0
1084,9.0,0.0,0.0
1085,16.0,0.0,0.0
1086,12.0,0.0,0.0
1087,9.0,0.0,0.0
1088,9.0,0.0,0.0
1089,8.0,0.0,0.0
1090,13.0,0.0,0.0
1091,15.0,0.0,0.0
1092,12.0,0.0,0.0
1093,11.0,0.0,0.0
1094,17.0,0.0,0.0
1095,12.0,0.0,0.0
1096,13.0,0.0,0.0
1097,14.0,0.0,0.0
1098,11.0,0.0,0.0
1099,12.0,0.0,0.0
1100,13.0,0.0,0.0
1101,8.0,0.0,0.0
1102,9.0,0.0,0.0
1103,11.0,0.0,0.0
1104,15.0,0.0,0.0
1105,18.0,0.0,0.0
1106,16.0,0.0,0.0
1107,15.0,0.0,0.0
1108,17.0,1.0,0.159634569446827
1109,7.0,2.0,0.9797274064297096
1110,10.0,2.0,1.3016572516670664
1111,12.0,2.0,1.3414324020107555
1112,13.0,2.0,1.3580579404993118
1113,18.0,2.0,1.3666171630198214
1114,9.0,2.0,1.3306442218537953
1115,16.0,2.0,1.3146751913389745
1116,9.0,2.0,1.3017407280054227
1117,18.0,2.0,1.1457169210336717
1118,13.0,1.0,0.43269307149391867
1119,9.0,0.0,0.0
1120,8.0,0.0,0.0
1121,12.0,0.0,0.0
1122,13.0,0.0,0.0
1123,11.0,0.0,0.0
1124,14.0,0.0,0.0
1125,12.0,0.0,0.0
1126,13.0,0.0,0.0
1127,15.0,0.0,0.0
1128,11.0,0.0,0.0
1129,16.0,1.0,0.5674097147229714
1130,8.0,1.0,0.5732594832728806
1131,13.0,1.0,0.5798618599250285
1132,13.0,1.0,0.5890181948684367
1133,16.0,1.0,0.5989270809263764
1134,12.0,1.0,0.6005268461833931
1135,11.0,1.0,0.58479681041126
1136,11.0,1.0,0.5660728530940905
1137,12.0,1.0,0.569639955008573
1138,13.0,1.0,0.5641999401130979
1139,10.0,0.0,0.0
1140,6.0,0.0,0.0
1141,8.0,0.0,0.0
1142,12.0,0.0,0.0
1143,7.0,0.0,0.0
1144,8.0,0.0,0.0
1145,8.0,0.0,0.0
1146,10.0,0.0,0.0
1147,8.0,0.0,0.0
1148,12.0,0.0,0.0
1149,10.0,0.0,0.0
1150,10.0,0.0,0.0
1151,15.0,2.0,1.103336166149754
1152,14.0,2.0,1.1027699113982263
1153,7.0,2.0,1.10777890033122
1154,11.0,2.0,1.1094750961656712
1155,18.0,2.0,1.1045152732254782
1156,19.0,2.0,1.1025187282713662
1157,12.0,2.0,1.1104794872409613
1158,12.0,2.0,1.1003290315590437
1159,16.0,2.0,1.1056228839004496
1160,10.0,2.0,0.8048929720953537
1161,9.0,0.0,0.0
1162,12.0,0.0,0.0
1163,16.0,0.0,0.0
1164,8.0,0.0,0.0
1165,12.0,0.0,0.0
1166,8.0,0.0,0.0
1167,13.0,0.0,0.0
1168,16.0,0.0,0.0
1169,12.0,0.0,0.0
1170,17.0,0.0,0.0
1171,12.0,0.0,0.0
1172,14.0,0.0,0.0
1173,12.0,0.0,0.0
1174,10.0,0.0,0.0
1175,11.0,0.0,0.0
1176,10.0,0.0,0.0
1177,7.0,0.0,0.0
1178,11.0,0.0,0.0
1179,8.0,0.0,0.0
1180,16.0,0.0,0.0
1181,6.0,0.0,0.0
1182,19.0,0.0,0.0
1183,6.0,0.0,0.0
1184,5.0,0.0,0.0
1185,12.0,0.0,0.0
1186,15.0,0.0,0.0
1187,16.0,0.0,0.0
1188,13.0,0.0,0.0
1189,12.0,0.0,0.0
1190,7.0,0.0,0.0
1191,12.0,0.0,0.0
1192,9.0,0.0,0.0
1193,16.0,0.0,0.0
1194,9.0,0.0,0.0
1195,12.0,0.0,0.0
1196,6.0,0.0,0.0
1197,6.0,0.0,0.0
1198,13.0,0.0,0.0
1199,10.0,0.0,0.0
1200,11.0,0.0,0.0
1201,14.0,0.0,0.0
1202,12.0,0.0,0.0
1203,13.0,0.0,0.0
1204,6.0,0.0,0.0
1205,9.0,0.0,0.0
1206,14.0,0.0,0.0
1207,12.0,0.0,0.0
1208,12.0,0.0,0.0
1209,14.0,0.0,0.0
1210,9.0,0.0,0.0
1211,11.0,0.0,0.0
1212,12.0,0.0,0.0
1213,14.0,0.0,0.0
1214,9.0,0.0,0.0
1215,12.0,0.0,0.0
1216,6.0,0.0,0.0
1217,10.0,0.0,0.0
1218,10.0,0.0,0.0
1219,11.0,0.0,0.0
1220,11.0,0.0,0.0
1221,5.0,0.0,0.0
1222,24.0,0.0,0.0
1223,9.0,0.0,0.0
1224,5.0,2.0,0.8260326432183251
1225,13.0,2.0,0.8951333130876973
1226,10.0,2.0,0.9418861534366718
1227,18.0,2.0,0.9637886229121124
1228,16.0,2.0,0.9804948465939008
1229,18.0,2.0,0.9742532855739363
1230,14.0,2.0,0.954187841981961
1231,11.0,2.0,0.9269353031225649
1232,13.0,2.0,0.8890081369584252
1233,10.0,2.0,0.8537717273235581
1234,13.0,0.0,0.0
1235,11.0,0.0,0.0
1236,19.0,0.0,0.0
1237,8.0,0.0,0.0
1238,12.0,0.0,0.0
1239,11.0,0.0,0.0
1240,12.0,0.0,0.0
1241,13.0,0.0,0.0
1242,16.0,0.0,0.0
1243,13.0,0.0,0.0
1244,16.0,0.0,0.0
1245,10.0,0.0,0.0
1246,13.0,0.0,0.0
1247,16.0,0.0,0.0
1248,19.0,0.0,0.0
1249,9.0,0.0,0.0
1250,8.0,0.0,0.0
1251,6.0,0.0,0.0
1252,12.0,0.0,0.0
1253,6.0,0.0,0.0
1254,8.0,0.0,0.0
1255,17.0,0.0,0.0
1256,7.0,0.0,0.0
1257,10.0,0.0,0.0
1258,7.0,0.0,0.0
1259,15.0,0.0,0.0
1260,18.0,0.0,0.0
1261,13.0,0.0,0.0
1262,18.0,0.0,0.0
1263,12.0,0.0,0.0
1264,15.0,1.0,0.20142047087267917
1265,14.0,1.0,0.17593473136559495
1266,7.0,1.0,0.16781798200208675
1267,12.0,1.0,0.20300987988303398
1268,12.0,1.0,0.23138519670761004
1269,10.0,1.0,0.23718208903248653
1270,11.0,2.0,0.7048347866934168
1271,8.0,2.0,0.8603571896868852
1272,12.0,2.0,0.9295755465585862
1273,11.0,2.0,0.9285007754418368
1274,9.0,1.0,0.7206967701571526
1275,15.0,1.0,0.7157936145690762
1276,12.0,1.0,0.7106606456908959
1277,10.0,1.0,0.7063035934457819
1278,6.0,2.0,1.5365934192458748
1279,15.0,2.0,1.5372370836808016
1280,12.0,2.0,1.6554095141379583
1281,6.0,2.0,1.6687911070727126
1282,12.0,2.0,1.6532319637071293
1283,19.0,2.0,1.6511598296140464
1284,14.0,2.0,1.6612223551306167
1285,12.0,2.0,1.6499086488491388
1286,7.0,2.0,1.6242356865621046
1287,15.0,2.0,1.6221674404574509
1288,12.0,1.0,0.8234306350601514
1289,18.0,1.0,0.8168928244497861
1290,9.0,0.0,0.0
1291,9.0,0.0,0.0
1292,17.0,0.0,0.0
1293,15.0,0.0,0.0
1294,8.0,0.0,0.0
1295,12.0,0.0,0.0
1296,14.0,0.0,0.0
1297,11.0,1.0,0.7069631882123338
1298,9.0,1.0,0.7093538894891175
1299,13.0,1.0,0.7241907672703783
1300,9.0,1.0,0.728464822181664
1301,10.0,1.0,0.7278806646395025
1302,12.0,1.0,0.7373073118439859
1303,17.0,1.0,0.7228288818515439
1304,13.0,2.0,1.2489299909609972
1305,12.0,2.0,1.2351192612267612
1306,8.0,2.0,1.2277995841028075
1307,14.0,1.0,0.5988233792728791
1308,8.0,1.0,0.600061623764234
1309,12.0,1.0,0.5999505995341203
1310,12.0,1.0,0.5982408504369624
1311,17.0,1.0,0.5960262079510047
1312,12.0,2.0,1.1134109658557652
1313,12.0,2.0,1.1031554581722154
1314,10.0,1.0,0.5204160856811648
1315,10.0,1.0,0.5336629929228083
1316,12.0,1.0,0.5430862947755875
1317,17.0,1.0,0.5401124672768798
1318,11.0,1.0,0.5316047430983933
1319,12.0,1.0,0.5264037810580143
1320,9.0,2.0,0.7867826075172113
1321,15.0,2.0,0.7900142465305704
1322,12.0,1.0,0.2694580398635229
1323,11.0,1.0,0.26970338606959965
1324,9.0,1.0,0.2697306408803755
1325,9.0,1.0,0.2698873123920305
1326,15.0,1.0,0.26821246459802933
1327,14.0,1.0,0.2652546464444314
1328,13.0,1.0,0.2637436088247568
1329,10.0,1.0,0.263660259806095
1330,7.0,0.0,0.0
1331,6.0,0.0,0.0
1332,7.0,1.0,0.5393938923064218
1333,7.0,2.0,1.5377571636883927
1334,10.0,2.0,1.540360554043287
1335,17.0,2.0,1.5412014510678702
1336,8.0,2.0,1.5404275078434457
1337,14.0,2.0,1.5409526623072158
1338,10.0,2.0,1.542794901868247
1339,15.0,2.0,1.5423404907284466
1340,13.0,2.0,1.5369705880925235
1341,10.0,2.0,1.525515572461238
1342,13.0,1.0,0.9904924299637512
1343,5.0,0.0,0.0
1344,12.0,0.0,0.0
1345,17.0,0.0,0.0
1346,8.0,0.0,0.0
1347,11.0,0.0,0.0
1348,9.0,0.0,0.0
1349,9.0,1.0,0.6109080115942059
1350,9.0,1.0,0.42211417757795267
1351,14.0,1.0,0.2549670139257527
1352,14.0,1.0,0.20250609028949196
1353,14.0,2.0,0.5081721230999636
1354,11.0,2.0,0.8251112957878817
1355,8.0,2.0,1.1434127906640845
1356,11.0,2.0,1.1846164888924469
1357,10.0,3.0,1.8130480057973555
1358,8.0,3.0,1.8033734687139726
1359,8.0,3.0,1.79695612928304
1360,9.0,3.0,1.7918606156318744
1361,16.0,3.0,1.7732422556247576
1362,16.0,3.0,1.6443781952420493
1363,13.0,2.0,1.1557524384328963
1364,14.0,2.0,1.1431033037399998
1365,18.0,2.0,1.1565182472743336
1366,13.0,2.0,1.145063419837597
1367,10.0,1.0,0.4853240031644655
1368,14.0,1.0,0.4315680292126677
1369,8.0,1.0,0.6503037647122155
1370,11.0,1.0,0.7597390349679243
1371,9.0,2.0,1.3722984768221367
1372,11.0,2.0,1.4736359797283798
1373,8.0,2.0,1.4624592463951607
1374,8.0,3.0,2.118458541122605
1375,11.0,3.0,2.057155920459071
1376,15.0,3.0,2.04939492903276
1377,10.0,3.0,2.1187518560592693
1378,17.0,3.0,2.2513551419081503
1379,12.0,4.0,2.616322801408869
1380,16.0,4.0,2.624965307310724
1381,9.0,5.0,3.8319415570427675
1382,19.0,5.0,3.792119472610284
1383,11.0,5.0,3.755018666970229
1384,14.0,4.0,3.0424864642809126
1385,9.0,4.0,3.039591535741013
1386,10.0,4.0,3.0373509139709456
1387,8.0,4.0,3.034436401338434
1388,14.0,4.0,3.0324614502090856
1389,17.0,3.0,2.594410661393797
1390,8.0,4.0,3.293591421267871
1391,14.0,2.0,1.59372296555987
1392,12.0,2.0,1.5993787619976265
1393,9.0,2.0,1.6079100024579265
1394,9.0,3.0,2.2097888675258353
1395,16.0,3.0,2.3963627906887677
1396,10.0,3.0,2.5585039912912246
1397,12.0,3.0,2.4159766173774138
1398,12.0,3.0,1.9238112311341793
1399,13.0,3.0,1.6897235003965372
1400,3.0,2.0,1.3350453996998353
1401,12.0,2.0,1.3888995216476134
1402,10.0,3.0,2.129962515232524
1403,12.0,3.0,2.474021438811321
1404,9.0,2.0,1.5971496470681534
1405,22.0,2.0,1.5992532489619815
1406,14.0,2.0,1.6027015865944443
1407,13.0,2.0,1.5610875291099369
1408,10.0,2.0,1.5213512541475824
1409,11.0,1.0,1.073813722783295
1410,18.0,3.0,1.472905737899316
1411,11.0,3.0,1.803143996018497
1412,12.0,2.0,1.1267399496380082
1413,8.0,3.0,1.7173507972345299
1414,10.0,5.0,3.885220818108122
1415,11.0,5.0,3.8951211199043025
1416,12.0,5.0,3.7902440108830264
1417,15.0,5.0,3.900979856272518
1418,18.0,5.0,3.8893883098852613
1419,18.0,6.0,4.443890494055524
1420,12.0,4.0,3.2798657751631364
1421,14.0,4.0,3.277979419507199
1422,15.0,5.0,3.8082314948864315
1423,10.0,4.0,3.2868544632613363
1424,10.0,2.0,1.0940524800137617
1425,13.0,2.0,1.0958972327169212
1426,9.0,2.0,1.0963942577610013
1427,19.0,2.0,1.095697988194635
1428,17.0,2.0,1.0941181630632038
1429,16.0,1.0,0.5362434278988892
1430,11.0,1.0,0.5340370995461433
1431,15.0,1.0,0.5267332908440929
1432,5.0,0.0,0.0
1433,16.0,0.0,0.0
1434,7.0,0.0,0.0
1435,13.0,1.0,0.9177849507038316
1436,16.0,1.0,0.9490881494401531
1437,11.0,1.0,0.967251883711944
1438,13.0,1.0,0.9742407754951008
1439,15.0,1.0,0.9825694240206578
1440,16.0,1.0,0.9925223690190269
1441,14.0,2.0,1.1933446349261692
1442,9.0,2.0,1.1710310345661994
1443,7.0,2.0,1.0795377964770463
1444,13.0,2.0,0.9661012386688443
1445,7.0,1.0,0.2534815797280853
1446,12.0,1.0,0.2540032779894853
1447,11.0,1.0,0.24930010332290306
1448,10.0,1.0,0.23325124934236616
1449,10.0,1.0,0.21715551272646316
1450,11.0,1.0,0.19896647428164055
1451,10.0,0.0,0.0
1452,8.0,0.0,0.0
1453,10.0,0.0,0.0
1454,10.0,0.0,0.0
1455,10.0,0.0,0.0
1456,17.0,0.0,0.0
1457,14.0,0.0,0.0
1458,6.0,0.0,0.0
1459,9.0,0.0,0.0
1460,7.0,0.0,0.0
1461,12.0,0.0,0.0
1462,14.0,0.0,0.0
1463,10.0,0.0,0.0
1464,23.0,0.0,0.0
1465,9.0,0.0,0.0
1466,10.0,0.0,0.0
1467,7.0,0.0,0.0
1468,14.0,0.0,0.0
1469,15.0,0.0,0.0
1470,5.0,0.0,0.0
1471,13.0,0.0,0.0
1472,16.0,1.0,0.3464445327159366
1473,11.0,1.0,0.3576563078359944
1474,11.0,1.0,0.3853492665612728
1475,11.0,1.0,0.41322697948464554
1476,10.0,1.0,0.426955187834404
1477,19.0,1.0,0.4256453447898431
1478,14.0,1.0,0.4064963268693772
1479,11.0,1.0,0.3804230543901681
1480,13.0,1.0,0.36545774765289374
1481,8.0,1.0,0.35667423079857724
1482,5.0,0.0,0.0
1483,12.0,0.0,0.0
1484,9.0,0.0,0.0
1485,8.0,0.0,0.0
1486,6.0,0.0,0.0
1487,14.0,0.0,0.0
1488,13.0,0.0,0.0
1489,13.0,0.0,0.0
1490,17.0,0.0,0.0
1491,15.0,1.0,0.6108785191617595
1492,9.0,1.0,0.5949841976438346
1493,17.0,1.0,0.6116428373801255
1494,14.0,1.0,0.6285238607534693
1495,12.0,1.0,0.625717511738513
1496,8.0,2.0,1.2486053322952215
1497,12.0,2.0,1.2499146484958032
1498,10.0,2.0,1.2492374581309478
1499,10.0,2.0,1.2499839601198546
1500,5.0,2.0,1.2525213544600944
1501,13.0,1.0,0.6276410531576025
1502,10.0,1.0,0.6146484976173748
1503,7.0,1.0,0.6185095532585938
1504,9.0,1.0,0.6280394825141852
1505,9.0,1.0,0.6146277341185462
1506,15.0,0.0,0.0
1507,10.0,1.0,0.43274478482120193
1508,15.0,1.0,0.39487284307534176
1509,10.0,1.0,0.39784347563748895
1510,12.0,1.0,0.4539996171848819
1511,14.0,1.0,0.6002287883951396
1512,15.0,1.0,0.6021424990337345
1513,12.0,1.0,0.48443970356768157
1514,14.0,2.0,0.8577775541884511
1515,12.0,2.0,0.8745178339825856
1516,13.0,2.0,0.9038496706084387
1517,14.0,1.0,0.48377180670274333
1518,10.0,1.0,0.4856235091290832
1519,19.0,1.0,0.48357648799299946
1520,8.0,1.0,0.4809639712323545
1521,11.0,1.0,0.47780941030630364
1522,16.0,1.0,0.4720159456515929
1523,11.0,1.0,0.4624502202036531
1524,13.0,0.0,0.0
1525,11.0,0.0,0.0
1526,8.0,0.0,0.0
1527,17.0,0.0,0.0
1528,9.0,0.0,0.0
1529,9.0,0.0,0.0
1530,14.0,0.0,0.0
1531,9.0,0.0,0.0
1532,10.0,0.0,0.0
1533,14.0,0.0,0.0
1534,9.0,0.0,0.0
1535,12.0,0.0,0.0
1536,11.0,0.0,0.0
1537,10.0,0.0,0.0
1538,7.0,0.0,0.0
1539,11.0,0.0,0.0
1540,11.0,0.0,0.0
1541,19.0,0.0,0.0
1542,17.0,0.0,0.0
1543,15.0,0.0,0.0
1544,15.0,0.0,0.0
1545,11.0,0.0,0.0
1546,12.0,0.0,0.0
1547,12.0,0.0,0.0
1548,11.0,0.0,0.0
1549,13.0,0.0,0.0
1550,14.0,0.0,0.0
1551,16.0,0.0,0.0
1552,12.0,0.0,0.0
1553,16.0,0.0,0.0
1554,14.0,0.0,0.0
1555,12.0,0.0,0.0
1556,5.0,0.0,0.0
1557,6.0,0.0,0.0
1558,13.0,0.0,0.0
1559,12.0,1.0,0.43363238712896274
1560,13.0,1.0,0.4569108970775597
1561,17.0,1.0,0.48345804892041794
1562,20.0,1.0,0.5085024535794632
1563,8.0,1.0,0.5204454061241651
1564,18.0,1.0,0.5171512029927631
1565,13.0,1.0,0.5047927046200356
1566,9.0,1.0,0.49039149360903483
1567,10.0,1.0,0.476543920813153
1568,10.0,1.0,0.46257932309304356
1569,11.0,0.0,0.0
1570,8.0,0.0,0.0
1571,16.0,0.0,0.0
1572,11.0,0.0,0.0
1573,16.0,0.0,0.0
1574,9.0,0.0,0.0
1575,11.0,0.0,0.0
1576,15.0,0.0,0.0
1577,12.0,0.0,0.0
1578,9.0,0.0,0.0
1579,12.0,0.0,0.0
1580,15.0,0.0,0.0
1581,8.0,0.0,0.0
1582,10.0,0.0,0.0
1583,10.0,0.0,0.0
1584,13.0,0.0,0.0
1585,7.0,0.0,0.0
1586,16.0,0.0,0.0
1587,10.0,0.0,0.0
1588,14.0,0.0,0.0
1589,10.0,0.0,0.0
1590,8.0,0.0,0.0
1591,9.0,0.0,0.0
1592,11.0,0.0,0.0
1593,23.0,0.0,0.0
1594,9.0,0.0,0.0
1595,13.0,0.0,0.0
1596,12.0,0.0,0.0
1597,12.0,0.0,0.0
1598,8.0,0.0,0.0
1599,9.0,0.0,0.0
1600,9.0,1.0,0.42031239769616546
1601,12.0,2.0,0.7431961827035333
1602,16.0,2.0,0.7546126774627078
1603,15.0,3.0,1.3448865100473637
1604,22.0,3.0,1.3717380331666298
1605,14.0,3.0,1.4005519201424421
1606,9.0,3.0,1.4093299862382929
1607,10.0,3.0,1.3693627335588245
1608,16.0,3.0,1.3146481475757819
1609,13.0,3.0,1.290506346828356
1610,11.0,2.0,0.9031373475109985
1611,12.0,1.0,0.6111287760745497
1612,9.0,1.0,0.6247106844068622
1613,12.0,0.0,0.0
1614,10.0,0.0,0.0
1615,13.0,0.0,0.0
1616,12.0,1.0,1.0806885676171094
1617,13.0,1.0,1.1489773283749078
1618,14.0,1.0,1.2026712638521788
1619,15.0,1.0,1.236886811935629
1620,9.0,1.0,1.251792274658791
1621,13.0,1.0,1.238675811058032
1622,14.0,1.0,1.2121935241151454
1623,19.0,1.0,1.1925609095448146
1624,12.0,1.0,1.1774954459499567
1625,14.0,1.0,1.1526387703301824
1626,16.0,0.0,0.0
1627,12.0,1.0,0.5474922315291518
1628,9.0,1.0,0.562128622020873
1629,5.0,1.0,0.5711277817253321
1630,14.0,1.0,0.5756210955439574
1631,14.0,1.0,0.576848717840147
1632,18.0,1.0,0.573974151536875
1633,17.0,1.0,0.5656848152894478
1634,11.0,1.0,0.5610929370407629
1635,15.0,1.0,0.5681005722285021
1636,7.0,1.0,0.5756181932242465
1637,6.0,0.0,0.0
1638,12.0,0.0,0.0
1639,10.0,0.0,0.0
1640,10.0,0.0,0.0
1641,12.0,0.0,0.0
1642,13.0,0.0,0.0
1643,15.0,0.0,0.0
1644,7.0,0.0,0.0
1645,17.0,0.0,0.0
1646,14.0,0.0,0.0
1647,12.0,0.0,0.0
1648,13.0,0.0,0.0
1649,13.0,0.0,0.0
1650,13.0,0.0,0.0
1651,15.0,0.0,0.0
1652,8.0,0.0,0.0
1653,18.0,0.0,0.0
1654,5.0,0.0,0.0
1655,12.0,0.0,0.0
1656,10.0,0.0,0.0
1657,11.0,0.0,0.0
1658,12.0,0.0,0.0
1659,9.0,0.0,0.0
1660,14.0,0.0,0.0
1661,20.0,0.0,0.0
1662,14.0,0.0,0.0
1663,9.0,0.0,0.0
1664,10.0,0.0,0.0
1665,13.0,0.0,0.0
1666,12.0,0.0,0.0
1667,6.0,0.0,0.0
1668,9.0,0.0,0.0
1669,16.0,0.0,0.0
1670,15.0,0.0,0.0
1671,9.0,0.0,0.0
1672,9.0,0.0,0.0
1673,11.0,0.0,0.0
1674,15.0,0.0,0.0
1675,12.0,0.0,0.0
1676,13.0,0.0,0.0
1677,18.0,0.0,0.0
1678,15.0,0.0,0.0
1679,11.0,0.0,0.0
1680,15.0,0.0,0.0
1681,6.0,0.0,0.0
1682,9.0,0.0,0.0
1683,12.0,1.0,0.24885600582231038
1684,11.0,1.0,0.26321589022992226
1685,10.0,1.0,0.2733200046060251
1686,13.0,1.0,0.27876602018029334
1687,15.0,1.0,0.2839383918489799
1688,11.0,1.0,0.2858209331449117
1689,12.0,1.0,0.2722332079647862
1690,6.0,1.0,0.25660984851909235
1691,9.0,1.0,0.25919190235521633
1692,12.0,1.0,0.25224385650071524
1693,6.0,0.0,0.0
1694,11.0,0.0,0.0
1695,14.0,0.0,0.0
1696,9.0,0.0,0.0
1697,11.0,0.0,0.0
1698,10.0,0.0,0.0
1699,10.0,1.0,0.5784353301666023
1700,20.0,2.0,0.9352796618636982
1701,14.0,2.0,1.009566287367512
1702,11.0,2.0,1.049943903293605
1703,17.0,3.0,2.190777372830345
1704,9.0,3.0,2.2323358424188724
1705,17.0,3.0,2.2637739752879424
1706,17.0,3.0,2.2531965642009055
1707,11.0,3.0,2.206555468263616
1708,15.0,3.0,2.106704595035737
1709,9.0,2.0,1.4899596437660518
1710,17.0,1.0,1.1286589977533565
1711,13.0,1.0,1.1388125174955304
1712,15.0,1.0,1.152996804807991
1713,9.0,0.0,0.0
1714,19.0,0.0,0.0
1715,10.0,0.0,0.0
1716,14.0,0.0,0.0
1717,7.0,0.0,0.0
1718,7.0,0.0,0.0
1719,11.0,1.0,0.9002018539349104
1720,9.0,1.0,0.9004382139368401
1721,13.0,1.0,0.9293003030421536
1722,12.0,1.0,0.9709103463246425
1723,20.0,1.0,0.9704627411820609
1724,10.0,1.0,0.9502457604659883
1725,7.0,1.0,0.9329090764044239
1726,8.0,1.0,0.9368147008936144
1727,15.0,1.0,0.9129508553910697
1728,13.0,1.0,0.832047774113329
1729,15.0,0.0,0.0
1730,14.0,0.0,0.0
1731,14.0,0.0,0.0
1732,13.0,0.0,0.0
1733,10.0,0.0,0.0
1734,16.0,0.0,0.0
1735,15.0,0.0,0.0
1736,10.0,0.0,0.0
1737,19.0,0.0,0.0
1738,11.0,0.0,0.0
1739,8.0,0.0,0.0
1740,12.0,0.0,0.0
1741,17.0,0.0,0.0
1742,11.0,0.0,0.0
1743,8.0,0.0,0.0
1744,7.0,0.0,0.0
1745,8.0,0.0,0.0
1746,12.0,0.0,0.0
1747,10.0,0.0,0.0
1748,16.0,0.0,0.0
1749,15.0,0.0,0.0
1750,10.0,0.0,0.0
1751,7.0,0.0,0.0
1752,10.0,0.0,0.0
1753,10.0,0.0,0.0
1754,9.0,0.0,0.0
1755,13.0,0.0,0.0
1756,10.0,0.0,0.0
1757,13.0,0.0,0.0
1758,16.0,0.0,0.0
1759,7.0,0.0,0.0
1760,20.0,0.0,0.0
1761,12.0,0.0,0.0
1762,9.0,0.0,0.0
1763,15.0,0.0,0.0
1764,14.0,0.0,0.0
1765,10.0,0.0,0.0
1766,19.0,0.0,0.0
1767,17.0,0.0,0.0
1768,12.0,0.0,0.0
1769,14.0,0.0,0.0
1770,11.0,0.0,0.0
1771,7.0,0.0,0.0
1772,11.0,0.0,0.0
1773,12.0,0.0,0.0
1774,15.0,0.0,0.0
1775,11.0,0.0,0.0
1776,13.0,1.0,0.925145896926301
1777,14.0,1.0,0.9121872408729912
1778,12.0,1.0,0.9195117017624798
1779,13.0,1.0,0.9418527776569069
1780,14.0,1.0,0.956135105794438
1781,12.0,1.0,0.9520822132517691
1782,10.0,1.0,0.9562822102544198
1783,15.0,1.0,0.879184160498708
1784,10.0,1.0,0.6578974431715796
1785,10.0,1.0,0.5102813129250289
1786,15.0,0.0,0.0
1787,9.0,0.0,0.0
1788,10.0,0.0,0.0
1789,11.0,0.0,0.0
1790,8.0,0.0,0.0
1791,9.0,0.0,0.0
1792,10.0,0.0,0.0
1793,10.0,0.0,0.0
1794,11.0,0.0,0.0
1795,9.0,0.0,0.0
1796,15.0,0.0,0.0
1797,8.0,0.0,0.0
1798,9.0,0.0,0.0
1799,9.0,0.0,0.0
1800,13.0,0.0,0.0
1801,10.0,0.0,0.0
1802,18.0,1.0,0.24246799828174403
1803,14.0,1.0,0.4904058562671044
1804,10.0,1.0,0.5342979788210527
1805,10.0,1.0,0.5368325746548274
1806,13.0,1.0,0.5356329427743912
1807,7.0,1.0,0.5365669185449313
1808,13.0,1.0,0.5310166983930047
1809,18.0,1.0,0.5337227274335855
1810,10.0,1.0,0.532151304533506
1811,10.0,1.0,0.5309046783353036
1812,12.0,0.0,0.0
1813,17.0,0.0,0.0
1814,13.0,0.0,0.0
1815,11.0,0.0,0.0
1816,16.0,0.0,0.0
1817,18.0,1.0,0.4385201901795444
1818,10.0,1.0,0.45899226195588255
1819,14.0,1.0,0.47011406134971434
1820,15.0,2.0,1.0508956418056723
1821,9.0,2.0,1.0871823806752194
1822,16.0,2.0,1.1171720661220055
1823,9.0,2.0,1.1470599925634128
1824,14.0,2.0,1.139609597130021
1825,11.0,2.0,1.1012954258262697
1826,10.0,2.0,1.022846082260438
1827,13.0,1.0,0.6288976372186159
1828,5.0,1.0,0.624864141028632
1829,10.0,1.0,0.6222873516651296
1830,6.0,0.0,0.0
1831,9.0,0.0,0.0
1832,16.0,0.0,0.0
1833,12.0,0.0,0.0
1834,9.0,0.0,0.0
1835,12.0,0.0,0.0
1836,12.0,0.0,0.0
1837,9.0,1.0,0.6844382189364256
1838,8.0,1.0,0.7436851677503223
1839,16.0,1.0,0.7862789313223232
1840,7.0,1.0,0.8082241687749738
1841,11.0,1.0,0.8181371059884733
1842,12.0,1.0,0.8143750321417288
1843,18.0,1.0,0.8060049619807361
1844,9.0,1.0,0.7957636778560666
1845,6.0,1.0,0.7842076370134307
1846,8.0,1.0,0.774004000619913
1847,13.0,0.0,0.0
1848,12.0,1.0,0.972326273026013
1849,7.0,1.0,1.1686223092006638
1850,9.0,1.0,1.1928469769478358
1851,8.0,1.0,1.1857154950564777
1852,14.0,1.0,1.230270763285798
1853,13.0,1.0,1.2404657032036983
1854,11.0,1.0,1.2086476054299413
1855,16.0,1.0,1.1681137384108542
1856,17.0,1.0,0.9916577096195173
1857,6.0,1.0,0.9779772095047391
1858,12.0,0.0,0.0
1859,15.0,0.0,0.0
1860,7.0,0.0,0.0
1861,14.0,0.0,0.0
1862,8.0,0.0,0.0
1863,11.0,0.0,0.0
1864,12.0,0.0,0.0
1865,16.0,0.0,0.0
1866,13.0,0.0,0.0
1867,10.0,0.0,0.0
1868,16.0,0.0,0.0
1869,7.0,0.0,0.0
1870,12.0,0.0,0.0
1871,7.0,0.0,0.0
1872,12.0,0.0,0.0
1873,13.0,0.0,0.0
1874,20.0,0.0,0.0
1875,18.0,0.0,0.0
1876,13.0,0.0,0.0
1877,17.0,0.0,0.0
1878,14.0,0.0,0.0
1879,13.0,0.0,0.0
1880,7.0,0.0,0.0
1881,14.0,0.0,0.0
1882,7.0,0.0,0.0
1883,12.0,0.0,0.0
1884,11.0,0.0,0.0
1885,9.0,0.0,0.0
1886,11.0,0.0,0.0
1887,10.0,0.0,0.0
1888,10.0,0.0,0.0
1889,11.0,0.0,0.0
1890,7.0,0.0,0.0
1891,10.0,0.0,0.0
1892,9.0,0.0,0.0
1893,15.0,0.0,0.0
1894,17.0,0.0,0.0
1895,13.0,0.0,0.0
1896,13.0,0.0,0.0
1897,12.0,0.0,0.0
1898,22.0,1.0,0.8095402665312663
1899,12.0,1.0,0.8241562259789174
1900,10.0,1.0,0.8360202819172877
1901,10.0,1.0,0.8414543505564519
1902,7.0,1.0,0.8423258159529445
1903,17.0,1.0,0.8433662247647209
1904,12.0,1.0,0.8440437859029469
1905,7.0,1.0,0.8348886442150946
1906,6.0,1.0,0.7914617181822035
1907,9.0,1.0,0.7333043615293148
1908,22.0,0.0,0.0
1909,11.0,0.0,0.0
1910,13.0,0.0,0.0
1911,10.0,0.0,0.0
1912,12.0,0.0,0.0
1913,13.0,0.0,0.0
1914,12.0,1.0,0.6284881520448986
1915,8.0,1.0,0.5898041208262509
1916,9.0,1.0,0.5876403749523195
1917,10.0,1.0,0.603577791790082
1918,10.0,1.0,0.626652184873284
1919,10.0,1.0,0.5956449495985433
1920,9.0,1.0,0.5795733830044935
1921,4.0,1.0,0.5939302960698413
1922,14.0,1.0,0.6249081822518322
1923,10.0,1.0,0.6261444934074365
1924,13.0,0.0,0.0
1925,15.0,0.0,0.0
1926,21.0,0.0,0.0
1927,6.0,0.0,0.0
1928,9.0,0.0,0.0
1929,11.0,1.0,1.2046383700196588
1930,10.0,1.0,1.213743203896548
1931,7.0,1.0,1.219382094979645
1932,14.0,1.0,1.2262567360245442
1933,15.0,1.0,1.228997318679237
1934,10.0,1.0,1.228233912336363
1935,12.0,1.0,1.2168607463215886
1936,10.0,1.0,1.2007523284172268
1937,10.0,1.0,1.1956790398331227
1938,8.0,1.0,1.1679839781157706
1939,16.0,0.0,0.0
1940,8.0,0.0,0.0
1941,12.0,0.0,0.0
1942,9.0,0.0,0.0
1943,10.0,0.0,0.0
1944,10.0,0.0,0.0
1945,22.0,0.0,0.0
1946,13.0,0.0,0.0
1947,11.0,0.0,0.0
1948,12.0,0.0,0.0
1949,14.0,0.0,0.0
1950,5.0,0.0,0.0
1951,15.0,0.0,0.0
1952,14.0,0.0,0.0
1953,8.0,0.0,0.0
1954,6.0,1.0,0.1333754536782906
1955,12.0,1.0,0.12579345752194698
1956,14.0,1.0,0.15695084732754205
1957,14.0,1.0,0.23751849317808554
1958,14.0,1.0,0.28359749985147537
1959,11.0,1.0,0.28647553788825064
1960,10.0,1.0,0.2851398074237986
1961,11.0,1.0,0.279542638934607
1962,12.0,1.0,0.2724735781062371
1963,13.0,1.0,0.26653078944125874
1964,11.0,0.0,0.0
1965,12.0,0.0,0.0
1966,14.0,0.0,0.0
1967,7.0,0.0,0.0
1968,12.0,0.0,0.0
1969,12.0,0.0,0.0
1970,11.0,0.0,0.0
1971,14.0,0.0,0.0
1972,16.0,0.0,0.0
1973,12.0,0.0,0.0
1974,9.0,0.0,0.0
1975,9.0,0.0,0.0
1976,10.0,0.0,0.0
1977,9.0,0.0,0.0
1978,8.0,0.0,0.0
1979,13.0,1.0,0.2300893490502573
1980,28.0,1.0,0.23498444268859467
1981,13.0,1.0,0.2712859339730472
1982,9.0,1.0,0.30009716657181434
1983,20.0,1.0,0.30942876183384294
1984,13.0,1.0,0.3069528279549957
1985,14.0,1.0,0.30432758348892613
1986,20.0,4.0,2.5220865767540612
1987,7.0,4.0,2.585940540402664
1988,8.0,5.0,3.3535463470087357
1989,8.0,4.0,2.955130359840364
1990,11.0,4.0,2.8059979848692347
1991,13.0,4.0,3.0625323835114706
1992,7.0,4.0,3.081770069853481
1993,11.0,4.0,3.067388399879543
1994,12.0,4.0,3.0103900464532996
1995,12.0,4.0,2.902659812364329
1996,5.0,1.0,0.622253057942717
1997,10.0,1.0,0.5760596988720386
1998,14.0,0.0,0.0
1999,11.0,0.0,0.0
2000,19.0,0.0,0.0
2001,7.0,0.0,0.0
2002,20.0,0.0,0.0
2003,14.0,0.0,0.0
2004,15.0,0.0,0.0
2005,8.0,0.0,0.0
2006,14.0,0.0,0.0
2007,14.0,0.0,0.0
2008,13.0,0.0,0.0
2009,13.0,0.0,0.0
2010,11.0,0.0,0.0
2011,17.0,0.0,0.0
2012,12.0,0.0,0.0
2013,16.0,0.0,0.0
2014,6.0,0.0,0.0
2015,13.0,0.0,0.0
2016,9.0,1.0,0.2638524951891131
2017,13.0,1.0,0.26650882839941015
2018,12.0,1.0,0.2654868973362162
2019,9.0,1.0,0.26579988637888025
2020,12.0,2.0,0.8527317180801015
2021,10.0,2.0,0.8277556209403042
2022,13.0,2.0,0.87766724178897
2023,12.0,2.0,0.8410342859960481
2024,11.0,2.0,0.8033570590847623
2025,14.0,2.0,0.4829446830685884
2026,11.0,1.0,0.13282185714752068
2027,8.0,1.0,0.5381305186473472
2028,9.0,1.0,0.6040820074654359
2029,17.0,1.0,0.6277002339366282
2030,8.0,0.0,0.0
2031,13.0,1.0,0.8301602494228272
2032,17.0,1.0,0.8239419826963725
2033,13.0,1.0,0.8471777963511455
2034,12.0,1.0,0.8751675426035349
2035,7.0,1.0,0.8903524003940927
2036,11.0,1.0,0.8865003262964848
2037,9.0,1.0,0.8757804396973456
2038,10.0,1.0,0.8775020475897878
2039,11.0,1.0,0.8544543827223254
2040,8.0,1.0,0.7913741308186479
2041,12.0,0.0,0.0
2042,8.0,0.0,0.0
2043,18.0,0.0,0.0
2044,10.0,0.0,0.0
2045,11.0,0.0,0.0
2046,15.0,0.0,0.0
2047,14.0,0.0,0.0
2048,10.0,0.0,0.0
2049,10.0,0.0,0.0
2050,8.0,0.0,0.0
2051,14.0,0.0,0.0
2052,9.0,0.0,0.0
2053,12.0,0.0,0.0
2054,14.0,0.0,0.0
2055,11.0,0.0,0.0
2056,9.0,0.0,0.0
2057,11.0,0.0,0.0
2058,7.0,1.0,0.2710252652466518
2059,16.0,1.0,0.28185978425079705
2060,13.0,1.0,0.2905723258329466
2061,9.0,1.0,0.28607422529047166
2062,17.0,1.0,0.27703837185313407
2063,8.0,1.0,0.2774102392664489
2064,8.0,1.0,0.28049078291879975
2065,12.0,1.0,0.2743008670311823
2066,15.0,1.0,0.25961186818836784
2067,13.0,1.0,0.2546749426911508
2068,13.0,0.0,0.0
2069,8.0,0.0,0.0
2070,17.0,0.0,0.0
2071,7.0,0.0,0.0
2072,19.0,0.0,0.0
2073,13.0,0.0,0.0
2074,9.0,0.0,0.0
2075,10.0,0.0,0.0
2076,13.0,0.0,0.0
2077,9.0,0.0,0.0
2078,9.0,0.0,0.0
2079,20.0,0.0,0.0
2080,9.0,0.0,0.0
2081,10.0,0.0,0.0
2082,12.0,0.0,0.0
2083,11.0,0.0,0.0
2084,9.0,0.0,0.0
2085,14.0,0.0,0.0
2086,8.0,0.0,0.0
2087,15.0,0.0,0.0
2088,11.0,0.0,0.0
2089,9.0,0.0,0.0
2090,11.0,0.0,0.0
2091,11.0,0.0,0.0
2092,22.0,0.0,0.0
2093,5.0,0.0,0.0
2094,14.0,0.0,0.0
2095,15.0,0.0,0.0
2096,12.0,0.0,0.0
2097,16.0,0.0,0.0
2098,15.0,0.0,0.0
2099,7.0,0.0,0.0
2100,12.0,0.0,0.0
2101,10.0,0.0,0.0
2102,9.0,0.0,0.0
2103,14.0,0.0,0.0
2104,12.0,0.0,0.0
2105,9.0,0.0,0.0
2106,16.0,0.0,0.0
2107,8.0,0.0,0.0
2108,10.0,0.0,0.0
2109,8.0,0.0,0.0
2110,13.0,0.0,0.0
2111,10.0,0.0,0.0
2112,11.0,0.0,0.0
2113,12.0,0.0,0.0
2114,17.0,0.0,0.0
2115,8.0,0.0,0.0
2116,11.0,0.0,0.0
2117,9.0,0.0,0.0
2118,13.0,0.0,0.0
2119,9.0,0.0,0.0
2120,12.0,0.0,0.0
2121,12.0,0.0,0.0
2122,17.0,0.0,0.0
2123,15.0,0.0,0.0
2124,17.0,0.0,0.0
2125,18.0,0.0,0.0
2126,14.0,0.0,0.0
2127,9.0,0.0,0.0
2128,13.0,0.0,0.0
2129,11.0,0.0,0.0
2130,9.0,0.0,0.0
2131,17.0,0.0,0.0
2132,12.0,0.0,0.0
2133,7.0,0.0,0.0
2134,7.0,0.0,0.0
2135,19.0,0.0,0.0
2136,11.0,0.0,0.0
2137,13.0,0.0,0.0
2138,15.0,0.0,0.0
2139,14.0,0.0,0.0
2140,15.0,0.0,0.0
2141,13.0,0.0,0.0
2142,12.0,0.0,0.0
2143,11.0,0.0,0.0
2144,8.0,0.0,0.0
2145,9.0,0.0,0.0
2146,12.0,0.0,0.0
2147,8.0,0.0,0.0
2148,7.0,0.0,0.0
2149,13.0,1.0,0.7115979053734188
2150,11.0,1.0,0.7338528815125525
2151,9.0,1.0,0.7503793923433761
2152,15.0,1.0,0.7561612540931643
2153,14.0,1.0,0.7562485868717893
2154,12.0,1.0,0.7536645265106383
2155,18.0,1.0,0.753426363403231
2156,13.0,1.0,0.7503247943861394
2157,12.0,1.0,0.7328511814729108
2158,15.0,1.0,0.6923494682887759
2159,15.0,0.0,0.0
2160,10.0,0.0,0.0
2161,10.0,0.0,0.0
2162,8.0,0.0,0.0
2163,20.0,0.0,0.0
2164,14.0,0.0,0.0
2165,8.0,0.0,0.0
2166,13.0,0.0,0.0
2167,9.0,0.0,0.0
2168,6.0,0.0,0.0
2169,11.0,0.0,0.0
2170,4.0,0.0,0.0
2171,12.0,0.0,0.0
2172,22.0,0.0,0.0
2173,10.0,0.0,0.0
2174,9.0,0.0,0.0
2175,11.0,0.0,0.0
2176,14.0,0.0,0.0
2177,11.0,0.0,0.0
2178,6.0,0.0,0.0
2179,16.0,0.0,0.0
2180,12.0,0.0,0.0
2181,10.0,0.0,0.0
2182,13.0,0.0,0.0
2183,15.0,0.0,0.0
2184,16.0,0.0,0.0
2185,8.0,0.0,0.0
2186,15.0,0.0,0.0
2187,14.0,0.0,0.0
2188,7.0,0.0,0.0
2189,15.0,0.0,0.0
2190,11.0,0.0,0.0
2191,16.0,0.0,0.0
2192,9.0,0.0,0.0
2193,14.0,0.0,0.0
2194,5.0,0.0,0.0
2195,23.0,0.0,0.0
2196,9.0,0.0,0.0
2197,12.0,0.0,0.0
2198,14.0,0.0,0.0
2199,12.0,0.0,0.0
2200,17.0,0.0,0.0
2201,5.0,0.0,0.0
2202,10.0,0.0,0.0
2203,10.0,1.0,0.6360831010064029
2204,14.0,1.0,0.6440248343094409
2205,15.0,1.0,0.6014706914013905
2206,15.0,1.0,0.24966484802651753
2207,15.0,1.0,0.43295419574261407
2208,6.0,1.0,0.5435089207232665
2209,11.0,1.0,0.6230619095868475
2210,7.0,1.0,0.61786161981134
2211,15.0,1.0,0.637701920292465
2212,15.0,1.0,0.6342987885157246
2213,8.0,0.0,0.0
2214,10.0,0.0,0.0
2215,9.0,0.0,0.0
2216,9.0,0.0,0.0
2217,15.0,0.0,0.0
2218,16.0,0.0,0.0
2219,15.0,0.0,0.0
2220,7.0,0.0,0.0
2221,11.0,0.0,0.0
2222,15.0,0.0,0.0
2223,17.0,0.0,0.0
2224,7.0,0.0,0.0
2225,16.0,0.0,0.0
2226,11.0,0.0,0.0
2227,10.0,0.0,0.0
2228,12.0,0.0,0.0
2229,16.0,0.0,0.0
2230,13.0,0.0,0.0
2231,10.0,0.0,0.0
2232,9.0,0.0,0.0
2233,15.0,0.0,0.0
2234,9.0,0.0,0.0
2235,13.0,0.0,0.0
2236,12.0,0.0,0.0
2237,13.0,0.0,0.0
2238,16.0,0.0,0.0
2239,17.0,0.0,0.0
2240,5.0,1.0,0.8671743560337886
2241,13.0,1.0,0.8679281100403401
2242,5.0,1.0,0.8802260112739669
2243,6.0,1.0,0.894258059820428
2244,16.0,1.0,0.8984948521023544
2245,12.0,1.0,0.8942620873745425
2246,8.0,1.0,0.8897473390843919
2247,10.0,1.0,0.8876843150839826
2248,16.0,1.0,0.88321739252872
2249,15.0,1.0,0.8751537770909461
2250,9.0,0.0,0.0
2251,9.0,0.0,0.0
2252,12.0,0.0,0.0
2253,16.0,0.0,0.0
2254,12.0,0.0,0.0
2255,15.0,0.0,0.0
2256,12.0,0.0,0.0
2257,12.0,0.0,0.0
2258,7.0,1.0,0.3106187155433044
2259,10.0,1.0,0.3115732272778787
2260,10.0,1.0,0.3125509387631252
2261,10.0,1.0,0.3138771612850281
2262,15.0,1.0,0.3143304533724403
2263,13.0,1.0,0.3141329748579314
2264,14.0,1.0,0.3142747672231272
2265,13.0,1.0,0.31257791042778516
2266,12.0,1.0,0.309935709441759
2267,10.0,1.0,0.309308854392915
2268,16.0,1.0,0.6090131749328531
2269,19.0,1.0,0.6556920306508465
2270,10.0,1.0,0.6909994446862273
2271,11.0,1.0,0.7016532376013587
2272,15.0,1.0,0.7195564167168731
2273,9.0,1.0,0.7131824216749773
2274,14.0,1.0,0.7005425944241708
2275,12.0,1.0,0.6900572255622744
2276,13.0,1.0,0.6723447881563729
2277,16.0,1.0,0.6706718090849833
2278,13.0,0.0,0.0
2279,14.0,0.0,0.0
2280,13.0,0.0,0.0
2281,16.0,0.0,0.0
2282,9.0,0.0,0.0
2283,12.0,0.0,0.0
2284,9.0,0.0,0.0
2285,6.0,0.0,0.0
2286,10.0,0.0,0.0
2287,19.0,0.0,0.0
2288,14.0,0.0,0.0
2289,15.0,0.0,0.0
2290,12.0,0.0,0.0
2291,10.0,0.0,0.0
2292,12.0,0.0,0.0
2293,10.0,0.0,0.0
2294,10.0,0.0,0.0
2295,20.0,0.0,0.0
2296,16.0,1.0,0.9598552433970453
2297,19.0,1.0,0.9598204882406038
2298,8.0,1.0,0.9598976383840283
2299,11.0,1.0,0.959953105058462
2300,7.0,2.0,1.8033289295430261
2301,14.0,3.0,2.698374103406585
2302,14.0,3.0,2.7483784318399724
2303,14.0,3.0,2.7629704639026125
2304,14.0,3.0,2.7658397261302308
2305,12.0,4.0,3.0668694187060077
2306,15.0,3.0,2.1383236438174587
2307,3.0,3.0,2.105118818282544
2308,10.0,4.0,2.9918359055494284
2309,13.0,4.0,2.9838501875895425
2310,10.0,3.0,2.1144739250911146
2311,12.0,2.0,1.280116704190033
2312,14.0,3.0,1.5228811536681597
2313,13.0,3.0,1.505593015599723
2314,10.0,3.0,1.5052983918295209
2315,14.0,2.0,1.2414884205160481
2316,11.0,2.0,1.216231170027925
2317,16.0,2.0,1.2265531215922527
2318,6.0,1.0,0.25451285386229705
2319,17.0,1.0,0.2543270024658127
2320,10.0,1.0,0.2543646061823964
2321,11.0,1.0,0.25430383810836626
2322,16.0,0.0,0.0
2323,11.0,0.0,0.0
2324,13.0,0.0,0.0
2325,13.0,0.0,0.0
2326,15.0,0.0,0.0
2327,10.0,0.0,0.0
2328,14.0,0.0,0.0
2329,8.0,0.0,0.0
2330,15.0,0.0,0.0
2331,18.0,0.0,0.0
2332,12.0,0.0,0.0
2333,11.0,0.0,0.0
2334,10.0,0.0,0.0
2335,9.0,0.0,0.0
2336,13.0,0.0,0.0
2337,16.0,0.0,0.0
2338,11.0,0.0,0.0
2339,12.0,0.0,0.0
2340,11.0,0.0,0.0
2341,4.0,0.0,0.0
2342,10.0,0.0,0.0
2343,9.0,0.0,0.0
2344,13.0,0.0,0.0
2345,10.0,0.0,0.0
2346,15.0,0.0,0.0
2347,14.0,0.0,0.0
2348,13.0,0.0,0.0
2349,12.0,0.0,0.0
2350,7.0,0.0,0.0
2351,10.0,0.0,0.0
2352,12.0,0.0,0.0
2353,21.0,1.0,0.5997412905895577
2354,9.0,1.0,0.599064585057501
2355,14.0,1.0,0.5988917719289515
2356,10.0,1.0,0.5994072962845676
2357,12.0,1.0,0.5994484583688129
2358,13.0,1.0,0.5996463769646303
2359,19.0,1.0,0.5995487757333494
2360,12.0,1.0,0.5988074000222999
2361,4.0,1.0,0.5983325773202628
2362,16.0,1.0,0.5974206301118206
2363,8.0,0.0,0.0
2364,14.0,0.0,0.0
2365,11.0,0.0,0.0
2366,18.0,0.0,0.0
2367,13.0,0.0,0.0
2368,12.0,0.0,0.0
2369,15.0,0.0,0.0
2370,17.0,0.0,0.0
2371,4.0,0.0,0.0
2372,12.0,0.0,0.0
2373,7.0,0.0,0.0
2374,9.0,0.0,0.0
2375,14.0,0.0,0.0
2376,10.0,0.0,0.0
2377,6.0,0.0,0.0
2378,13.0,0.0,0.0
2379,18.0,0.0,0.0
2380,9.0,0.0,0.0
2381,13.0,0.0,0.0
2382,19.0,0.0,0.0
2383,6.0,0.0,0.0
2384,12.0,0.0,0.0
2385,13.0,0.0,0.0
2386,10.0,0.0,0.0
2387,14.0,0.0,0.0
2388,7.0,0.0,0.0
2389,8.0,0.0,0.0
2390,15.0,0.0,0.0
2391,12.0,0.0,0.0
2392,10.0,0.0,0.0
2393,15.0,0.0,0.0
2394,13.0,0.0,0.0
2395,9.0,0.0,0.0
2396,18.0,0.0,0.0
2397,17.0,0.0,0.0
2398,15.0,0.0,0.0
2399,7.0,0.0,0.0
2400,10.0,0.0,0.0
2401,8.0,0.0,0.0
2402,14.0,0.0,0.0
2403,12.0,0.0,0.0
2404,10.0,0.0,0.0
2405,9.0,0.0,0.0
2406,14.0,0.0,0.0
2407,19.0,0.0,0.0
2408,13.0,0.0,0.0
2409,11.0,0.0,0.0
2410,7.0,0.0,0.0
2411,11.0,0.0,0.0
2412,8.0,0.0,0.0
2413,12.0,0.0,0.0
2414,8.0,0.0,0.0
2415,13.0,0.0,0.0
2416,18.0,0.0,0.0
2417,13.0,0.0,0.0
2418,13.0,0.0,0.0
2419,9.0,0.0,0.0
2420,14.0,0.0,0.0
2421,11.0,0.0,0.0
2422,11.0,0.0,0.0
2423,12.0,0.0,0.0
2424,14.0,0.0,0.0
2425,10.0,0.0,0.0
2426,8.0,0.0,0.0
2427,10.0,0.0,0.0
2428,11.0,0.0,0.0
2429,12.0,0.0,0.0
2430,9.0,0.0,0.0
2431,13.0,0.0,0.0
2432,10.0,0.0,0.0
2433,7.0,0.0,0.0
2434,12.0,0.0,0.0
2435,13.0,0.0,0.0
2436,15.0,0.0,0.0
2437,14.0,0.0,0.0
2438,10.0,0.0,0.0
2439,10.0,0.0,0.0
2440,18.0,0.0,0.0
2441,8.0,0.0,0.0
2442,7.0,0.0,0.0
2443,15.0,0.0,0.0
2444,9.0,0.0,0.0
2445,10.0,0.0,0.0
2446,13.0,0.0,0.0
2447,13.0,0.0,0.0
2448,14.0,0.0,0.0
2449,10.0,1.0,0.26434061781799734
2450,14.0,1.0,0.26498508987524644
2451,13.0,1.0,0.26559800264644634
2452,11.0,1.0,0.26586420090405294
2453,12.0,1.0,0.2657795106995232
2454,11.0,1.0,0.26591978100937663
2455,13.0,1.0,0.26623141716249843
2456,12.0,1.0,0.2655904019481031
2457,18.0,1.0,0.262267691804908
2458,13.0,1.0,0.2566968679364718
2459,13.0,0.0,0.0
2460,12.0,0.0,0.0
2461,11.0,0.0,0.0
2462,15.0,0.0,0.0
2463,12.0,0.0,0.0
2464,9.0,0.0,0.0
2465,7.0,0.0,0.0
2466,14.0,0.0,0.0
2467,11.0,0.0,0.0
2468,10.0,0.0,0.0
2469,7.0,0.0,0.0
2470,12.0,0.0,0.0
2471,18.0,0.0,0.0
2472,15.0,0.0,0.0
2473,16.0,0.0,0.0
2474,15.0,0.0,0.0
2475,9.0,0.0,0.0
2476,12.0,0.0,0.0
2477,10.0,0.0,0.0
2478,18.0,0.0,0.0
2479,3.0,0.0,0.0
2480,20.0,0.0,0.0
2481,8.0,0.0,0.0
2482,9.0,0.0,0.0
2483,17.0,0.0,0.0
2484,12.0,0.0,0.0
2485,13.0,0.0,0.0
2486,13.0,0.0,0.0
2487,11.0,0.0,0.0
2488,10.0,0.0,0.0
2489,15.0,0.0,0.0
2490,11.0,0.0,0.0
2491,13.0,0.0,0.0
2492,12.0,0.0,0.0
2493,13.0,0.0,0.0
2494,10.0,0.0,0.0
2495,11.0,0.0,0.0
2496,16.0,0.0,0.0
2497,13.0,0.0,0.0
2498,15.0,0.0,0.0
2499,9.0,0.0,0.0
2500,9.0,0.0,0.0
2501,9.0,0.0,0.0
2502,9.0,0.0,0.0
2503,21.0,0.0,0.0
2504,16.0,0.0,0.0
2505,15.0,0.0,0.0
2506,11.0,0.0,0.0
2507,12.0,0.0,0.0
2508,21.0,0.0,0.0
2509,11.0,0.0,0.0
2510,17.0,0.0,0.0
2511,21.0,0.0,0.0
2512,8.0,0.0,0.0
2513,9.0,0.0,0.0
2514,13.0,0.0,0.0
2515,13.0,0.0,0.0
2516,12.0,0.0,0.0
2517,7.0,0.0,0.0
2518,10.0,0.0,0.0
2519,14.0,0.0,0.0
2520,14.0,0.0,0.0
2521,14.0,0.0,0.0
2522,12.0,1.0,0.38627961853254517
2523,10.0,1.0,0.4187886711580455
2524,11.0,1.0,0.4277453827523985
2525,9.0,1.0,0.428371430762833
2526,17.0,1.0,0.42796244697844593
2527,11.0,1.0,0.4286095385527292
2528,15.0,1.0,0.42889407429407744
2529,16.0,1.0,0.4277044956906399
2530,9.0,2.0,1.060797685952815
2531,7.0,2.0,1.0571398700753398
2532,13.0,1.0,0.6363105133390347
2533,15.0,1.0,0.6363612355570035
2534,10.0,1.0,0.6364330365147057
2535,17.0,1.0,0.6366710879323462
2536,8.0,1.0,0.6374301137129675
2537,13.0,1.0,0.6369222887678776
2538,12.0,1.0,0.6361569074238989
2539,9.0,1.0,0.6358315869924598
2540,14.0,0.0,0.0
2541,13.0,0.0,0.0
2542,7.0,1.0,0.6483340121947714
2543,13.0,1.0,0.6482596433983643
2544,15.0,1.0,0.6485782421886268
2545,12.0,1.0,0.6490673380913777
2546,19.0,1.0,0.6494714067544575
2547,20.0,1.0,0.6493056406582964
2548,10.0,1.0,0.6484210900084453
2549,16.0,1.0,0.6485071157944862
2550,20.0,1.0,0.6488608575843697
2551,13.0,1.0,0.6488220652938193
2552,10.0,0.0,0.0
2553,10.0,0.0,0.0
2554,16.0,0.0,0.0
2555,12.0,0.0,0.0
2556,6.0,1.0,0.6012824444646263
2557,16.0,1.0,0.6050604101109774
2558,10.0,1.0,0.6063807667676753
2559,12.0,1.0,0.6077719830476473
2560,14.0,2.0,1.547136414862707
2561,10.0,2.0,1.5627004733455732
2562,4.0,2.0,1.5667842265450078
2563,12.0,2.0,1.5610388942575684
2564,11.0,2.0,1.5245948703360366
2565,14.0,2.0,1.4707609247769813
2566,7.0,1.0,0.40037578502458643
2567,10.0,1.0,0.35503096309258086
2568,14.0,1.0,0.6669879860312372
2569,6.0,1.0,0.7941455582637688
2570,16.0,0.0,0.0
2571,12.0,0.0,0.0
2572,11.0,0.0,0.0
2573,10.0,0.0,0.0
2574,21.0,0.0,0.0
2575,5.0,0.0,0.0
2576,12.0,0.0,0.0
2577,16.0,0.0,0.0
2578,10.0,0.0,0.0
2579,15.0,0.0,0.0
2580,7.0,0.0,0.0
2581,12.0,0.0,0.0
2582,12.0,0.0,0.0
2583,16.0,0.0,0.0
2584,14.0,0.0,0.0
2585,9.0,0.0,0.0
2586,8.0,1.0,0.4313952348595777
2587,14.0,1.0,0.44236019310525787
2588,13.0,2.0,1.5668179003403582
2589,18.0,2.0,1.5837597556003093
2590,16.0,2.0,1.6186583426135788
2591,10.0,2.0,1.6053316248104803
2592,10.0,2.0,1.608221431397506
2593,9.0,2.0,1.6208831601261378
2594,12.0,2.0,1.5382853330626212
2595,16.0,2.0,1.5208174175837719
2596,13.0,1.0,1.1018668024781468
2597,19.0,1.0,0.8201410970972544
2598,8.0,0.0,0.0
2599,9.0,0.0,0.0
2600,8.0,1.0,0.46887058184124697
2601,9.0,1.0,0.49183413172521623
2602,8.0,1.0,0.49558093540588216
2603,11.0,2.0,0.7400937121871838
2604,17.0,2.0,0.7799552847623239
2605,16.0,2.0,0.8054402155330593
2606,10.0,2.0,0.8044338646740152
2607,7.0,2.0,0.7712990335045242
2608,18.0,2.0,0.7279972131871146
2609,12.0,3.0,1.6927257649604543
2610,12.0,2.0,1.370193615147274
2611,18.0,2.0,1.4617115881221643
2612,8.0,2.0,1.5279147939386015
2613,12.0,1.0,1.285963286249099
2614,21.0,1.0,1.2844998513340156
2615,11.0,2.0,2.1755909112331913
2616,14.0,2.0,2.108787253867704
2617,12.0,2.0,2.0273917184925683
2618,15.0,2.0,1.963022344699786
2619,9.0,1.0,0.9657057126935226
2620,7.0,1.0,0.9715427725037318
2621,12.0,1.0,0.9649802409482473
2622,14.0,1.0,0.9291936082470929
2623,11.0,1.0,0.8387689187061815
2624,13.0,1.0,0.7513365813589422
2625,13.0,0.0,0.0
2626,21.0,0.0,0.0
2627,11.0,0.0,0.0
2628,14.0,0.0,0.0
2629,11.0,0.0,0.0
2630,16.0,0.0,0.0
2631,12.0,0.0,0.0
2632,12.0,0.0,0.0
2633,11.0,0.0,0.0
2634,10.0,0.0,0.0
2635,8.0,0.0,0.0
2636,15.0,0.0,0.0
2637,13.0,0.0,0.0
2638,11.0,0.0,0.0
2639,9.0,0.0,0.0
2640,5.0,0.0,0.0
2641,14.0,0.0,0.0
2642,11.0,0.0,0.0
2643,13.0,0.0,0.0
2644,9.0,0.0,0.0
2645,17.0,0.0,0.0
2646,14.0,0.0,0.0
2647,9.0,0.0,0.0
2648,9.0,0.0,0.0
2649,9.0,0.0,0.0
2650,8.0,0.0,0.0
2651,11.0,0.0,0.0
2652,15.0,0.0,0.0
2653,7.0,0.0,0.0
2654,10.0,0.0,0.0
2655,13.0,0.0,0.0
2656,15.0,0.0,0.0
2657,12.0,0.0,0.0
2658,10.0,0.0,0.0
2659,17.0,0.0,0.0
2660,12.0,0.0,0.0
2661,14.0,0.0,0.0
2662,12.0,0.0,0.0
2663,8.0,0.0,0.0
2664,12.0,0.0,0.0
2665,20.0,0.0,0.0
2666,19.0,0.0,0.0
2667,12.0,0.0,0.0
2668,9.0,0.0,0.0
2669,9.0,0.0,0.0
2670,16.0,0.0,0.0
2671,12.0,0.0,0.0
2672,14.0,0.0,0.0
2673,9.0,0.0,0.0
2674,18.0,0.0,0.0
2675,13.0,0.0,0.0
2676,13.0,0.0,0.0
2677,9.0,0.0,0.0
2678,11.0,0.0,0.0
2679,24.0,0.0,0.0
2680,12.0,0.0,0.0
2681,13.0,1.0,0.3073683180437495
2682,9.0,1.0,0.3088065292362583
2683,13.0,1.0,0.3102877201632167
2684,9.0,1.0,0.3110870746852302
2685,6.0,1.0,0.31110269978283794
2686,16.0,1.0,0.3109600878858407
2687,7.0,1.0,0.3108779683779316
2688,11.0,1.0,0.31072980592393035
2689,11.0,1.0,0.3102533729126101
2690,9.0,1.0,0.3097885664303057
2691,15.0,0.0,0.0
2692,10.0,0.0,0.0
2693,10.0,1.0,0.2721167873541051
2694,9.0,1.0,0.27400331566362646
2695,12.0,1.0,0.27520314578331684
2696,13.0,2.0,0.8886414678445231
2697,15.0,2.0,0.8911595981812193
2698,11.0,2.0,0.892079568513149
2699,12.0,3.0,1.7116590770483004
2700,22.0,3.0,1.716190885368956
2701,11.0,3.0,1.7153768829316762
2702,11.0,3.0,1.7062051367076578
2703,11.0,2.0,1.4175355070515951
2704,9.0,2.0,1.4005952933988957
2705,13.0,2.0,1.4093117136916427
2706,9.0,1.0,0.8067110873362321
2707,10.0,1.0,0.8041910405682722
2708,13.0,1.0,0.7995338566442095
2709,11.0,0.0,0.0
2710,9.0,0.0,0.0
2711,6.0,0.0,0.0
2712,13.0,0.0,0.0
2713,10.0,1.0,0.616380532185043
2714,11.0,1.0,0.628898086787949
2715,12.0,1.0,0.6250221737863898
2716,12.0,1.0,0.61429898809715
2717,8.0,1.0,0.6237500809072422
2718,10.0,1.0,0.6416709163489668
2719,11.0,1.0,0.6393882525151391
2720,17.0,1.0,0.6259324644807016
2721,14.0,1.0,0.6101235872882677
2722,11.0,1.0,0.5939560872048939
2723,7.0,0.0,0.0
2724,12.0,0.0,0.0
2725,12.0,0.0,0.0
2726,11.0,0.0,0.0
2727,10.0,0.0,0.0
2728,17.0,0.0,0.0
2729,11.0,0.0,0.0
2730,10.0,0.0,0.0
2731,13.0,0.0,0.0
2732,13.0,3.0,2.8598368175975994
2733,12.0,3.0,2.9628338078463274
2734,13.0,4.0,3.2444354484819447
2735,15.0,4.0,3.43318421105653
2736,9.0,4.0,3.6160248108077995
2737,20.0,4.0,3.6800306186886953
2738,9.0,4.0,3.5156342058520686
2739,9.0,4.0,3.1049919986996155
2740,8.0,4.0,2.5855232647715662
2741,9.0,4.0,2.144120050757348
2742,7.0,1.0,0.23215852005348672
2743,12.0,1.0,0.21336274832384275
2744,11.0,0.0,0.0
2745,8.0,0.0,0.0
2746,14.0,0.0,0.0
2747,16.0,0.0,0.0
2748,12.0,0.0,0.0
2749,8.0,0.0,0.0
2750,7.0,0.0,0.0
2751,19.0,0.0,0.0
2752,7.0,0.0,0.0
2753,11.0,0.0,0.0
2754,13.0,0.0,0.0
2755,20.0,0.0,0.0
2756,13.0,0.0,0.0
2757,13.0,0.0,0.0
2758,11.0,1.0,0.628166061053297
2759,13.0,1.0,0.6284895673294322
2760,14.0,1.0,0.6285356620380408
2761,11.0,1.0,0.6285170321860588
2762,10.0,1.0,0.6284314690167728
2763,19.0,1.0,0.628400835219709
2764,12.0,1.0,0.6284291412088796
2765,4.0,2.0,1.2730582823320025
2766,15.0,2.0,1.29038595501167
2767,11.0,2.0,1.3060210574224675
2768,12.0,1.0,0.6889150765309964
2769,8.0,1.0,0.6926066036934952
2770,9.0,1.0,0.69072480058143
2771,8.0,1.0,0.6858348454652958
2772,12.0,1.0,0.6800757743490674
2773,13.0,1.0,0.6711359431361639
2774,22.0,1.0,0.6571458782678234
2775,12.0,0.0,0.0
2776,12.0,1.0,0.8752800769511351
2777,14.0,1.0,0.8899487359289099
2778,9.0,1.0,0.8992892230439329
2779,13.0,1.0,0.9093394195812359
2780,22.0,1.0,0.9176527201605713
2781,14.0,1.0,0.9168703404428197
2782,15.0,1.0,0.9084281226383185
2783,13.0,1.0,0.8998239181499664
2784,21.0,1.0,0.89455866039192
2785,10.0,1.0,0.8882720736298455
2786,16.0,0.0,0.0
2787,14.0,0.0,0.0
2788,14.0,0.0,0.0
2789,13.0,0.0,0.0
2790,17.0,0.0,0.0
2791,10.0,0.0,0.0
2792,13.0,0.0,0.0
2793,8.0,0.0,0.0
2794,13.0,0.0,0.0
2795,15.0,0.0,0.0
2796,10.0,0.0,0.0
2797,8.0,0.0,0.0
2798,12.0,0.0,0.0
2799,13.0,0.0,0.0
2800,16.0,0.0,0.0
2801,9.0,0.0,0.0
2802,14.0,0.0,0.0
2803,13.0,0.0,0.0
2804,6.0,0.0,0.0
2805,15.0,0.0,0.0
2806,11.0,0.0,0.0
2807,14.0,0.0,0.0
2808,9.0,1.0,0.6231290317806045
2809,14.0,1.0,0.6275293003205591
2810,10.0,1.0,0.6285386855512873
2811,12.0,1.0,0.6278025637830508
2812,10.0,1.0,0.6269662435363519
2813,17.0,2.0,1.2657343855436491
2814,8.0,2.0,1.2658772311602629
2815,15.0,2.0,1.2659320496262962
2816,14.0,2.0,1.2680295140362499
2817,5.0,2.0,1.2673433204037927
2818,8.0,1.0,0.637585428064533
2819,14.0,1.0,0.6356733488476896
2820,20.0,1.0,0.6378723922698061
2821,9.0,1.0,0.6363374889595241
2822,12.0,1.0,0.634343893053801
2823,13.0,0.0,0.0
2824,7.0,0.0,0.0
2825,15.0,0.0,0.0
2826,9.0,0.0,0.0
2827,16.0,0.0,0.0
2828,12.0,0.0,0.0
2829,14.0,0.0,0.0
2830,8.0,0.0,0.0
2831,18.0,0.0,0.0
2832,10.0,0.0,0.0
2833,11.0,0.0,0.0
2834,14.0,0.0,0.0
2835,8.0,0.0,0.0
2836,10.0,0.0,0.0
2837,6.0,0.0,0.0
2838,14.0,0.0,0.0
2839,7.0,0.0,0.0
2840,13.0,1.0,0.30886358180999407
2841,13.0,2.0,0.6723554089548587
2842,15.0,2.0,0.7263959883198947
2843,12.0,2.0,0.7458003382506692
2844,20.0,2.0,0.7209705481046116
2845,13.0,2.0,0.7084031536873949
2846,16.0,2.0,0.5232415405760049
2847,13.0,2.0,0.12391360858137937
2848,15.0,2.0,0.20157906269025663
2849,14.0,2.0,0.2594761439828183
2850,14.0,1.0,0.20961339917959992
2851,6.0,0.0,0.0
2852,11.0,0.0,0.0
2853,10.0,0.0,0.0
2854,11.0,1.0,0.2511576239552755
2855,17.0,1.0,0.2521414751316805
2856,14.0,1.0,0.25120439567374303
2857,11.0,1.0,0.2529194417239498
2858,9.0,1.0,0.2549337106742585
2859,14.0,1.0,0.2561347180358076
2860,8.0,1.0,0.2555682613971274
2861,8.0,1.0,0.2548922030930213
2862,11.0,1.0,0.2538859535603235
2863,9.0,1.0,0.2525539082016329
2864,21.0,0.0,0.0
2865,11.0,0.0,0.0
2866,24.0,0.0,0.0
2867,10.0,0.0,0.0
2868,12.0,0.0,0.0
2869,13.0,0.0,0.0
2870,6.0,0.0,0.0
2871,14.0,0.0,0.0
2872,6.0,0.0,0.0
2873,13.0,0.0,0.0
2874,11.0,0.0,0.0
2875,7.0,0.0,0.0
2876,21.0,0.0,0.0
2877,14.0,0.0,0.0
2878,13.0,0.0,0.0
2879,7.0,0.0,0.0
2880,12.0,0.0,0.0
2881,11.0,0.0,0.0
2882,11.0,1.0,1.2403916838598965
2883,9.0,1.0,1.2523438823451796
2884,9.0,1.0,1.251784927051978
2885,13.0,1.0,1.2580141402967118
2886,19.0,1.0,1.26806163512902
2887,12.0,1.0,1.2614032518716318
2888,12.0,1.0,1.2602559599115915
2889,17.0,1.0,1.2627087407735758
2890,10.0,1.0,1.254330952384868
2891,8.0,1.0,1.2321061257703951
2892,11.0,0.0,0.0
2893,7.0,0.0,0.0
2894,10.0,0.0,0.0
2895,21.0,0.0,0.0
2896,10.0,0.0,0.0
2897,6.0,0.0,0.0
2898,12.0,0.0,0.0
2899,13.0,0.0,0.0
2900,13.0,0.0,0.0
2901,13.0,0.0,0.0
2902,19.0,0.0,0.0
2903,5.0,0.0,0.0
2904,15.0,0.0,0.0
2905,16.0,0.0,0.0
2906,18.0,0.0,0.0
2907,13.0,0.0,0.0
2908,15.0,0.0,0.0
2909,7.0,0.0,0.0
2910,10.0,0.0,0.0
2911,9.0,0.0,0.0
2912,9.0,0.0,0.0
2913,13.0,0.0,0.0
2914,13.0,0.0,0.0
2915,10.0,0.0,0.0
2916,10.0,0.0,0.0
2917,11.0,1.0,0.44001067108837233
2918,14.0,1.0,0.46019049944762425
2919,9.0,1.0,0.4792856460146987
2920,14.0,1.0,0.4905834506599595
2921,15.0,1.0,0.4929708542309812
2922,19.0,1.0,0.49016600901017837
2923,10.0,1.0,0.48572859614274594
2924,9.0,1.0,0.4812173936758881
2925,11.0,1.0,0.4764174057194534
2926,15.0,1.0,0.4713961116603601
2927,15.0,0.0,0.0
2928,9.0,0.0,0.0
2929,14.0,0.0,0.0
2930,12.0,0.0,0.0
2931,12.0,0.0,0.0
2932,6.0,0.0,0.0
2933,7.0,0.0,0.0
2934,8.0,0.0,0.0
2935,12.0,0.0,0.0
2936,16.0,0.0,0.0
2937,6.0,0.0,0.0
2938,11.0,0.0,0.0
2939,14.0,0.0,0.0
2940,13.0,0.0,0.0
2941,8.0,2.0,1.1054449686870178
2942,10.0,2.0,1.1312618944636055
2943,13.0,2.0,1.1416207390193465
2944,17.0,2.0,1.1443174635596396
2945,14.0,2.0,1.156289330542469
2946,15.0,2.0,1.047175797526073
2947,10.0,2.0,0.7970943386004761
2948,12.0,2.0,0.6676965935331324
2949,6.0,3.0,1.4451307898684305
2950,13.0,3.0,1.5838154990607358
2951,5.0,1.0,0.6308713301721859
2952,6.0,1.0,0.6250918609926261
2953,11.0,1.0,0.6282238287610408
2954,15.0,1.0,0.6349588212943093
2955,8.0,1.0,0.635565587190667
2956,14.0,1.0,0.6191311519994476
2957,17.0,1.0,0.604864248793662
2958,17.0,1.0,0.6199419281432419
2959,6.0,0.0,0.0
2960,9.0,0.0,0.0
2961,11.0,0.0,0.0
2962,4.0,0.0,0.0
2963,9.0,0.0,0.0
2964,8.0,0.0,0.0
2965,10.0,0.0,0.0
2966,11.0,0.0,0.0
2967,13.0,0.0,0.0
2968,16.0,0.0,0.0
2969,16.0,0.0,0.0
2970,10.0,0.0,0.0
2971,8.0,0.0,0.0
2972,6.0,0.0,0.0
2973,17.0,1.0,1.2452459080421707
2974,15.0,1.0,1.2516042421176863
2975,9.0,1.0,1.2600481525753855
2976,11.0,2.0,1.5036504421057943
2977,13.0,2.0,1.5123664209638326
2978,16.0,2.0,1.5151553953610402
2979,14.0,2.0,1.5146221775278368
2980,12.0,2.0,1.5153754829650168
2981,11.0,2.0,1.5137876463458533
2982,15.0,2.0,1.5116689070184621
2983,15.0,1.0,0.2548848262187729
2984,13.0,1.0,0.25124359705641297
2985,12.0,1.0,0.23568339304812916
2986,11.0,0.0,0.0
2987,8.0,0.0,0.0
2988,13.0,0.0,0.0
2989,10.0,0.0,0.0
2990,20.0,0.0,0.0
2991,18.0,0.0,0.0
2992,16.0,1.0,0.8656669837275404
2993,11.0,1.0,0.8785926642469924
2994,5.0,1.0,0.8895734189665531
2995,6.0,1.0,0.9031443159697241
2996,9.0,1.0,0.910725523097277
2997,11.0,1.0,0.9015925839613697
2998,11.0,1.0,0.9031741063166889
2999,15.0,1.0,0.8896800535949323
3000,22.0,1.0,0.8446028275574198
3001,12.0,1.0,0.7959510934555871
3002,8.0,0.0,0.0
3003,12.0,0.0,0.0
3004,11.0,0.0,0.0
3005,10.0,0.0,0.0
3006,16.0,0.0,0.0
3007,5.0,0.0,0.0
3008,10.0,0.0,0.0
3009,9.0,0.0,0.0
3010,13.0,0.0,0.0
3011,9.0,0.0,0.0
3012,15.0,0.0,0.0
3013,18.0,0.0,0.0
3014,10.0,0.0,0.0
3015,12.0,0.0,0.0
3016,13.0,0.0,0.0
3017,13.0,0.0,0.0
3018,8.0,1.0,0.3977198558817298
3019,11.0,1.0,0.4129275235403804
3020,14.0,1.0,0.43008501454101317
3021,9.0,1.0,0.43999115045442666
3022,15.0,1.0,0.4427993886564385
3023,14.0,1.0,0.4494809584037117
3024,6.0,1.0,0.44118462629011124
3025,16.0,1.0,0.3982696003860393
3026,17.0,1.0,0.3591356195372441
3027,11.0,1.0,0.32542539040539675
3028,8.0,0.0,0.0
3029,11.0,0.0,0.0
3030,12.0,0.0,0.0
3031,10.0,0.0,0.0
3032,18.0,0.0,0.0
3033,21.0,0.0,0.0
3034,10.0,0.0,0.0
3035,20.0,0.0,0.0
3036,12.0,0.0,0.0
3037,9.0,0.0,0.0
3038,16.0,0.0,0.0
3039,10.0,0.0,0.0
3040,12.0,0.0,0.0
3041,17.0,0.0,0.0
3042,14.0,0.0,0.0
3043,11.0,0.0,0.0
3044,7.0,0.0,0.0
3045,11.0,0.0,0.0
3046,9.0,0.0,0.0
3047,6.0,0.0,0.0
3048,13.0,0.0,0.0
3049,14.0,0.0,0.0
3050,6.0,0.0,0.0
3051,14.0,0.0,0.0
3052,11.0,0.0,0.0
3053,10.0,0.0,0.0
3054,5.0,1.0,0.628384605166703
3055,14.0,1.0,0.11775663896940794
3056,8.0,1.0,0.5607541290408142
3057,10.0,1.0,0.6003931257435609
3058,15.0,1.0,0.6184612244180644
3059,16.0,1.0,0.6257724257619932
3060,8.0,1.0,0.6285368497937859
3061,9.0,1.0,0.6128084051013137
3062,14.0,1.0,0.534642466343745
3063,16.0,1.0,0.43446605767210084
3064,14.0,0.0,0.0
3065,14.0,0.0,0.0
3066,12.0,0.0,0.0
3067,20.0,0.0,0.0
3068,9.0,0.0,0.0
3069,9.0,0.0,0.0
3070,11.0,0.0,0.0
3071,10.0,0.0,0.0
3072,9.0,0.0,0.0
3073,13.0,0.0,0.0
3074,16.0,0.0,0.0
3075,9.0,0.0,0.0
3076,12.0,0.0,0.0
3077,10.0,0.0,0.0
3078,14.0,0.0,0.0
3079,10.0,0.0,0.0
3080,15.0,0.0,0.0
3081,16.0,0.0,0.0
3082,8.0,0.0,0.0
3083,12.0,0.0,0.0
3084,10.0,0.0,0.0
3085,12.0,0.0,0.0
3086,15.0,0.0,0.0
3087,10.0,0.0,0.0
3088,14.0,0.0,0.0
3089,16.0,0.0,0.0
3090,16.0,0.0,0.0
3091,13.0,0.0,0.0
3092,10.0,0.0,0.0
3093,11.0,0.0,0.0
3094,8.0,0.0,0.0
3095,13.0,0.0,0.0
3096,13.0,0.0,0.0
3097,12.0,0.0,0.0
3098,13.0,0.0,0.0
3099,17.0,0.0,0.0
3100,8.0,0.0,0.0
3101,10.0,0.0,0.0
3102,12.0,0.0,0.0
3103,14.0,0.0,0.0
3104,6.0,0.0,0.0
3105,15.0,0.0,0.0
3106,11.0,0.0,0.0
3107,21.0,0.0,0.0
3108,10.0,0.0,0.0
3109,8.0,0.0,0.0
3110,12.0,0.0,0.0
3111,13.0,0.0,0.0
3112,12.0,1.0,0.6196077051186643
3113,14.0,1.0,0.623919744442518
3114,13.0,1.0,0.6281102009700184
3115,7.0,1.0,0.6273792304269683
3116,14.0,1.0,0.624185580384226
3117,7.0,1.0,0.625222159433955
3118,9.0,2.0,1.1944686972404321
3119,11.0,2.0,1.2152010916914875
3120,16.0,2.0,1.224939919204639
3121,13.0,2.0,1.2339923138461049
3122,13.0,1.0,0.615007420036947
3123,11.0,1.0,0.6188864143448766
3124,10.0,1.0,0.5998777163199523
3125,11.0,1.0,0.5761168527012346
3126,11.0,1.0,0.5785708175470055
3127,7.0,1.0,0.5673798159996821
3128,11.0,0.0,0.0
3129,17.0,0.0,0.0
3130,10.0,1.0,0.3166063426168682
3131,13.0,1.0,0.36476875515113044
3132,11.0,1.0,0.440051872882019
3133,16.0,1.0,0.4945052934731158
3134,14.0,1.0,0.5118737531640637
3135,9.0,1.0,0.5050977104707572
3136,10.0,2.0,0.859570480517689
3137,14.0,2.0,0.8789945792273258
3138,16.0,4.0,1.6199818136913533
3139,14.0,4.0,1.7396373598550823
3140,13.0,3.0,1.2870229154375763
3141,10.0,3.0,1.2569840976562827
3142,10.0,3.0,1.0559757312719988
3143,10.0,3.0,0.9210493513707043
3144,14.0,3.0,0.7946728417241163
3145,11.0,4.0,1.292004097562578
3146,12.0,4.0,1.5327901346952262
3147,12.0,4.0,1.622887180463651
3148,10.0,2.0,1.004293212328219
3149,16.0,2.0,1.118934584505095
3150,16.0,2.0,1.1043559430995524
3151,11.0,2.0,1.0895073945869624
3152,15.0,2.0,1.0812716105468128
3153,18.0,2.0,1.0738746055881059
3154,13.0,2.0,1.0702769787641757
3155,14.0,1.0,0.652650118934176
3156,12.0,0.0,0.0
3157,8.0,0.0,0.0
3158,8.0,0.0,0.0
3159,12.0,0.0,0.0
3160,11.0,0.0,0.0
3161,8.0,0.0,0.0
3162,9.0,0.0,0.0
3163,12.0,0.0,0.0
3164,12.0,0.0,0.0
3165,12.0,1.0,0.3321254956520717
3166,14.0,1.0,0.49503562188754613
3167,12.0,1.0,0.5505273509837468
3168,14.0,1.0,0.627756086096454
3169,4.0,1.0,0.5674470561474455
3170,15.0,1.0,0.5523113774935638
3171,8.0,1.0,0.5486330492262469
3172,10.0,1.0,0.6281701619639267
3173,12.0,1.0,0.6285329029609532
3174,12.0,1.0,0.6149279058806797
3175,8.0,0.0,0.0
3176,9.0,0.0,0.0
3177,12.0,1.0,0.6476229005399946
3178,7.0,1.0,0.7270911399097998
3179,11.0,1.0,0.8624654369504577
3180,12.0,1.0,0.9547512713211118
3181,11.0,1.0,0.9222122379344622
3182,18.0,2.0,1.3965172448142407
3183,6.0,2.0,1.521252013235948
3184,13.0,2.0,1.5947255176333421
3185,11.0,2.0,1.5469160575827945
3186,10.0,2.0,1.4869654265252048
3187,13.0,1.0,0.6159765482664437
3188,15.0,1.0,0.6181679501660325
3189,11.0,1.0,0.6414775639143186
3190,14.0,1.0,0.6111800796494158
3191,8.0,2.0,0.9853840564971362
3192,9.0,1.0,0.5709927013365925
3193,13.0,1.0,0.5534580893164639
3194,8.0,1.0,0.6128021617074559
3195,14.0,1.0,0.6119390932058149
3196,5.0,1.0,0.6039039721643761
3197,17.0,1.0,0.5998172677201722
3198,12.0,1.0,0.5864578196364946
3199,9.0,1.0,0.5422040640459456
3200,16.0,2.0,1.1447603733187233
3201,15.0,1.0,0.7270825000924869
3202,9.0,1.0,0.7484413205752778
3203,15.0,1.0,0.751709316186217
3204,11.0,1.0,0.7547310095329998
3205,16.0,2.0,1.4150574894081307
3206,17.0,2.0,1.4537039242157732
3207,15.0,2.0,1.3141175562357048
3208,13.0,2.0,0.9967343594917129
3209,7.0,2.0,0.7682091923175871
3210,16.0,1.0,0.7532812217321522
3211,16.0,1.0,0.745028980608496
3212,15.0,1.0,0.7026342044949017
3213,13.0,1.0,0.6857717292275948
3214,16.0,1.0,0.7350628355840193
3215,9.0,0.0,0.0
3216,12.0,0.0,0.0
3217,9.0,0.0,0.0
3218,11.0,1.0,0.1468807524403409
3219,8.0,1.0,0.48833729414658966
3220,13.0,1.0,0.7389734160654498
3221,7.0,1.0,0.9098606978498385
3222,13.0,1.0,0.9630472997826258
3223,13.0,1.0,0.9809941172230368
3224,14.0,1.0,0.9438749245384004
3225,10.0,1.0,0.8921086604401494
3226,14.0,1.0,0.9060588549422781
3227,13.0,1.0,0.8889072902071452
3228,12.0,1.0,0.417343370112095
3229,15.0,1.0,0.46907352322115403
3230,16.0,1.0,0.4979495837696017
3231,9.0,1.0,0.48587561884852887
3232,10.0,1.0,0.47730416840403767
3233,13.0,1.0,0.4699648412302609
3234,19.0,1.0,0.46505966045551134
3235,8.0,1.0,0.48437672960429334
3236,13.0,1.0,0.4573326777546166
3237,6.0,1.0,0.4279871933364769
3238,12.0,1.0,0.41396670616335546
3239,13.0,1.0,0.6305081979268953
3240,12.0,2.0,1.279290572362535
3241,16.0,2.0,1.4645845102362995
3242,9.0,2.0,1.606166518886682
3243,10.0,2.0,1.5845179829773768
3244,16.0,2.0,1.5561144797590192
3245,12.0,2.0,1.5014521663243485
3246,11.0,3.0,1.4452796077462062
3247,14.0,3.0,1.3726798424507796
3248,12.0,2.0,1.1598372995303978
3249,10.0,2.0,1.3713259123287878
3250,12.0,1.0,0.7976078283145288
3251,15.0,1.0,0.7972150876740652
3252,12.0,1.0,0.7802427980647311
3253,17.0,1.0,0.7575749702330137
3254,8.0,1.0,0.7135684549103241
3255,18.0,2.0,1.0830576276888892
3256,13.0,1.0,0.4987861161576748
3257,6.0,1.0,0.5027083179987859
3258,14.0,1.0,0.4749823277034395
3259,14.0,1.0,0.47188379929129715
3260,13.0,1.0,0.4904626342354937
3261,10.0,1.0,0.4661838204458863
3262,12.0,1.0,0.4117053216838794
3263,13.0,1.0,0.4078853472382305
3264,12.0,1.0,0.43351342507613383
3265,11.0,0.0,0.0
3266,12.0,0.0,0.0
3267,12.0,0.0,0.0
3268,10.0,0.0,0.0
3269,14.0,1.0,0.6307311564307106
3270,11.0,1.0,0.7626254724680596
3271,7.0,1.0,0.7171809960031527
3272,12.0,1.0,0.6964733986801874
3273,13.0,1.0,0.7118996858780481
3274,12.0,1.0,0.8333168336693039
3275,19.0,1.0,0.802163814382442
3276,13.0,1.0,0.692232306697394
3277,12.0,2.0,1.2313493742970119
3278,8.0,2.0,1.2647568264781635
3279,16.0,1.0,0.7627164541002778
3280,12.0,1.0,0.82288736704911
3281,14.0,1.0,0.8146151785894754
3282,15.0,1.0,0.7965858351848543
3283,13.0,1.0,0.7923603673675391
3284,12.0,1.0,0.7669991714380849
3285,11.0,1.0,0.6679751392412517
3286,9.0,1.0,0.6245798087141099
3287,19.0,0.0,0.0
3288,16.0,0.0,0.0
3289,17.0,0.0,0.0
3290,11.0,0.0,0.0
3291,17.0,0.0,0.0
3292,8.0,0.0,0.0
3293,11.0,0.0,0.0
3294,12.0,0.0,0.0
3295,8.0,0.0,0.0
3296,4.0,0.0,0.0
3297,9.0,0.0,0.0
3298,16.0,0.0,0.0
3299,11.0,0.0,0.0
3300,11.0,0.0,0.0
3301,13.0,0.0,0.0
3302,19.0,0.0,0.0
3303,12.0,0.0,0.0
3304,16.0,1.0,0.40248259601314473
3305,12.0,1.0,0.4088182960470136
3306,7.0,1.0,0.41038769595862623
3307,12.0,1.0,0.4127920493344288
3308,19.0,1.0,0.4092823482896591
3309,19.0,1.0,0.41146200662131266
3310,12.0,1.0,0.41819950503543973
3311,12.0,1.0,0.4129999622009976
3312,16.0,1.0,0.39337689922630337
3313,8.0,1.0,0.377246138404234
3314,17.0,0.0,0.0
3315,8.0,0.0,0.0
3316,10.0,0.0,0.0
3317,17.0,0.0,0.0
3318,15.0,0.0,0.0
3319,16.0,0.0,0.0
3320,9.0,0.0,0.0
3321,9.0,0.0,0.0
3322,23.0,0.0,0.0
3323,12.0,0.0,0.0
3324,14.0,0.0,0.0
3325,10.0,0.0,0.0
3326,13.0,0.0,0.0
3327,7.0,0.0,0.0
3328,8.0,0.0,0.0
3329,18.0,0.0,0.0
3330,15.0,0.0,0.0
3331,21.0,0.0,0.0
3332,13.0,0.0,0.0
3333,11.0,0.0,0.0
3334,12.0,0.0,0.0
3335,7.0,0.0,0.0
3336,12.0,0.0,0.0
3337,7.0,0.0,0.0
3338,7.0,0.0,0.0
3339,13.0,0.0,0.0
3340,20.0,0.0,0.0
3341,17.0,0.0,0.0
3342,15.0,0.0,0.0
3343,7.0,0.0,0.0
3344,8.0,0.0,0.0
3345,16.0,0.0,0.0
3346,9.0,0.0,0.0
3347,9.0,0.0,0.0
3348,11.0,0.0,0.0
3349,19.0,0.0,0.0
3350,15.0,0.0,0.0
3351,14.0,1.0,0.26431151952488935
3352,15.0,2.0,0.6510583986839029
3353,8.0,2.0,0.6762054094355687
3354,10.0,2.0,0.7200470650025025
3355,11.0,2.0,0.7502048894429745
3356,19.0,2.0,0.6478348595232802
3357,13.0,2.0,0.4881244664270322
3358,12.0,2.0,0.46885435615844917
3359,13.0,2.0,0.5791555146382268
3360,17.0,2.0,0.5677503150463176
3361,10.0,1.0,0.2971650923713865
3362,9.0,0.0,0.0
3363,7.0,0.0,0.0
3364,10.0,0.0,0.0
3365,12.0,0.0,0.0
3366,11.0,0.0,0.0
3367,11.0,0.0,0.0
3368,13.0,0.0,0.0
3369,9.0,0.0,0.0
3370,8.0,0.0,0.0
3371,19.0,0.0,0.0
3372,11.0,0.0,0.0
3373,5.0,0.0,0.0
3374,8.0,0.0,0.0
3375,14.0,1.0,0.2849402123779441
3376,15.0,2.0,0.46251008806001237
3377,11.0,2.0,0.4682934102158903
3378,11.0,3.0,0.7081299601522312
3379,12.0,3.0,0.7697108099495725
3380,9.0,3.0,0.8445027772535878
3381,9.0,3.0,0.8087950138099158
3382,16.0,3.0,0.6655568468038822
3383,13.0,4.0,0.5693876919543356
3384,15.0,4.0,1.1030618014750506
3385,10.0,3.0,1.381413525234927
3386,10.0,2.0,1.2628021021291256
3387,11.0,2.0,1.247285604758578
3388,8.0,1.0,1.2051756505172573
3389,12.0,1.0,1.2226845835861788
3390,4.0,1.0,1.1691326021489827
3391,11.0,1.0,0.9688728183089845
3392,15.0,1.0,0.6303887312946809
3393,13.0,0.0,0.0
3394,16.0,1.0,0.6164726830724001
3395,9.0,2.0,1.0767089562494883
3396,11.0,2.0,1.1529821319276845
3397,6.0,2.0,1.2331954554930376
3398,11.0,2.0,1.3105450290566545
3399,6.0,2.0,1.3469591526293476
3400,14.0,2.0,1.3297237196090723
3401,16.0,2.0,1.2603058489853811
3402,11.0,2.0,1.1595959170994936
3403,10.0,2.0,1.0722360130783892
3404,17.0,1.0,0.34334724400796846
3405,19.0,0.0,0.0
3406,4.0,0.0,0.0
3407,11.0,1.0,0.16453522683431507
3408,18.0,1.0,0.3414456921688913
3409,9.0,1.0,0.36244797868016326
3410,13.0,1.0,0.18180952186935614
3411,19.0,1.0,0.19944526689814068
3412,14.0,1.0,0.4384612468742969
3413,13.0,1.0,0.5567660446074743
3414,11.0,1.0,0.539122797229265
3415,10.0,1.0,0.5250716630976908
3416,7.0,1.0,0.4800213581808007
3417,18.0,0.0,0.0
3418,10.0,0.0,0.0
3419,12.0,0.0,0.0
3420,9.0,0.0,0.0
3421,16.0,0.0,0.0
3422,15.0,0.0,0.0
3423,10.0,0.0,0.0
3424,12.0,0.0,0.0
3425,13.0,0.0,0.0
3426,8.0,1.0,0.6685818651156945
3427,12.0,1.0,0.7279748235725062
3428,12.0,1.0,0.7996142333871545
3429,9.0,1.0,0.8276510997985344
3430,14.0,1.0,0.8597473636237397
3431,11.0,2.0,1.5126929461544063
3432,15.0,2.0,1.4306655212528212
3433,20.0,2.0,1.3589294931674698
3434,11.0,2.0,1.1974681752075051
3435,10.0,2.0,0.8856485682507937
3436,11.0,1.0,0.031172877132650476
3437,6.0,1.0,0.2945153649149871
3438,12.0,1.0,0.5160595961124327
3439,10.0,1.0,0.6150113153386868
3440,9.0,1.0,0.5619069837538695
3441,10.0,0.0,0.0
3442,10.0,0.0,0.0
3443,16.0,0.0,0.0
3444,8.0,0.0,0.0
3445,13.0,0.0,0.0
3446,9.0,0.0,0.0
3447,8.0,0.0,0.0
3448,14.0,0.0,0.0
3449,16.0,0.0,0.0
3450,11.0,0.0,0.0
3451,12.0,0.0,0.0
3452,9.0,0.0,0.0
3453,16.0,0.0,0.0
3454,9.0,0.0,0.0
3455,10.0,0.0,0.0
3456,13.0,1.0,0.6440971036241073
3457,9.0,1.0,0.8612340202749438
3458,13.0,1.0,1.1089822335277026
3459,15.0,1.0,1.2210944896191258
3460,14.0,1.0,1.1680718869998914
3461,13.0,2.0,1.719218907322443
3462,11.0,2.0,1.7369694092973815
3463,14.0,3.0,1.8959297375050967
3464,10.0,3.0,1.9284827322858589
3465,15.0,3.0,1.797707494966533
3466,13.0,2.0,0.8860466558497312
3467,17.0,2.0,0.9056524794439711
3468,9.0,2.0,0.8755936128863215
3469,13.0,2.0,0.8314575379298914
3470,9.0,2.0,0.8022641452098149
3471,11.0,1.0,0.24478456695575873
3472,17.0,1.0,0.2293715276437609
3473,14.0,0.0,0.0
3474,17.0,0.0,0.0
3475,12.0,0.0,0.0
3476,10.0,0.0,0.0
3477,19.0,0.0,0.0
3478,10.0,0.0,0.0
3479,9.0,0.0,0.0
3480,10.0,0.0,0.0
3481,12.0,0.0,0.0
3482,13.0,0.0,0.0
3483,14.0,0.0,0.0
3484,10.0,0.0,0.0
3485,16.0,0.0,0.0
3486,8.0,0.0,0.0
3487,8.0,0.0,0.0
3488,8.0,0.0,0.0
3489,8.0,0.0,0.0
3490,7.0,1.0,0.3716893772095684
3491,9.0,1.0,0.38227319473101695
3492,2.0,1.0,0.38881280245230665
3493,11.0,1.0,0.3961763884739428
3494,13.0,1.0,0.4031232100017801
3495,10.0,1.0,0.4046236106567558
3496,12.0,1.0,0.3917826996960627
3497,14.0,1.0,0.37027173904606836
3498,7.0,1.0,0.34814786022533656
3499,12.0,1.0,0.33884423618835496
3500,12.0,0.0,0.0
3501,8.0,1.0,0.5279217982528495
3502,9.0,1.0,0.551680201966846
3503,17.0,2.0,1.5289076477166255
3504,14.0,2.0,1.576632892886111
3505,20.0,2.0,1.5738245116067688
3506,11.0,2.0,1.5524961080528445
3507,6.0,2.0,1.5602084667499678
3508,17.0,2.0,1.566926747850027
3509,5.0,2.0,1.5723339759585964
3510,12.0,2.0,1.5737014390357396
3511,10.0,1.0,0.9920895927380867
3512,14.0,1.0,0.9846609158475336
3513,11.0,0.0,0.0
3514,16.0,0.0,0.0
3515,10.0,0.0,0.0
3516,8.0,0.0,0.0
3517,14.0,0.0,0.0
3518,14.0,0.0,0.0
3519,8.0,0.0,0.0
3520,17.0,0.0,0.0
3521,14.0,0.0,0.0
3522,18.0,0.0,0.0
3523,8.0,0.0,0.0
3524,12.0,0.0,0.0
3525,12.0,0.0,0.0
3526,10.0,0.0,0.0
3527,11.0,0.0,0.0
3528,12.0,0.0,0.0
3529,14.0,0.0,0.0
3530,12.0,0.0,0.0
3531,15.0,0.0,0.0
3532,15.0,1.0,0.5210094915191524
3533,17.0,1.0,0.6212929323704148
3534,13.0,1.0,0.8287425521807679
3535,8.0,1.0,0.9598792485457083
3536,10.0,1.0,0.9966260759705069
3537,13.0,1.0,0.9797735944586218
3538,5.0,1.0,0.9276241183489462
3539,15.0,1.0,0.9009350782273922
3540,9.0,1.0,0.9027915864469328
3541,17.0,1.0,0.9163945773028851
3542,14.0,1.0,0.4880213232799006
3543,16.0,1.0,0.4888198474293673
3544,9.0,1.0,0.48960989560576734
3545,7.0,2.0,0.8218577284615555
3546,8.0,2.0,0.8940512272669761
3547,19.0,2.0,0.9561820041923352
3548,14.0,2.0,1.0741751252391494
3549,11.0,2.0,1.0753974870340715
3550,18.0,2.0,0.9884535389387203
3551,8.0,2.0,1.0479586959256566
3552,10.0,1.0,0.6216594640197408
3553,7.0,1.0,0.6269072748343462
3554,11.0,1.0,0.45701155544511457
3555,10.0,0.0,0.0
3556,9.0,0.0,0.0
3557,6.0,1.0,0.33048552494157574
3558,16.0,2.0,1.1936761547562829
3559,15.0,2.0,1.2711889235717067
3560,13.0,2.0,1.2345802513679274
3561,15.0,2.0,1.2189574988936036
3562,14.0,2.0,1.2633555477978304
3563,9.0,2.0,1.290349099743003
3564,15.0,2.0,1.237056597929701
3565,2.0,2.0,1.2684215807631483
3566,10.0,2.0,1.271098676879615
3567,13.0,1.0,0.669877602399745
3568,10.0,0.0,0.0
3569,12.0,0.0,0.0
3570,15.0,0.0,0.0
3571,14.0,0.0,0.0
3572,16.0,0.0,0.0
3573,10.0,0.0,0.0
3574,14.0,0.0,0.0
3575,3.0,0.0,0.0
3576,12.0,0.0,0.0
3577,20.0,0.0,0.0
3578,14.0,0.0,0.0
3579,12.0,0.0,0.0
3580,13.0,0.0,0.0
3581,17.0,0.0,0.0
3582,9.0,0.0,0.0
3583,8.0,0.0,0.0
3584,13.0,0.0,0.0
3585,12.0,0.0,0.0
3586,9.0,0.0,0.0
3587,13.0,0.0,0.0
3588,9.0,1.0,0.4225585508628254
3589,12.0,1.0,0.5277884671542146
3590,9.0,1.0,0.5627975878671697
3591,12.0,1.0,0.49330530491979985
3592,8.0,1.0,0.5338782644543149
3593,9.0,1.0,0.5526227090263257
3594,14.0,1.0,0.5235838816394661
3595,12.0,1.0,0.5146209343895967
3596,12.0,1.0,0.3875510769416523
3597,11.0,1.0,0.3048666092984051
3598,8.0,0.0,0.0
3599,15.0,0.0,0.0
3600,12.0,0.0,0.0
3601,10.0,0.0,0.0
3602,9.0,0.0,0.0
3603,10.0,0.0,0.0
3604,15.0,0.0,0.0
3605,15.0,0.0,0.0
3606,9.0,0.0,0.0
3607,13.0,0.0,0.0
3608,8.0,0.0,0.0
3609,16.0,1.0,0.45352913936103983
3610,15.0,2.0,0.6111611450045897
3611,13.0,2.0,0.9187640667539629
3612,7.0,2.0,0.9337259275797753
3613,16.0,2.0,0.8221236884783112
3614,15.0,2.0,0.9623734029166249
3615,10.0,2.0,1.1787240418580522
3616,12.0,2.0,1.2058108778816587
3617,12.0,2.0,0.8848168660356204
3618,13.0,2.0,0.6643046035599849
3619,14.0,1.0,0.28262266542309944
3620,13.0,0.0,0.0
3621,8.0,1.0,0.5101793501633144
3622,6.0,1.0,0.4969871496881226
3623,12.0,1.0,0.6006598914084186
3624,16.0,1.0,0.6135728417887073
3625,2.0,1.0,0.5842150775569962
3626,11.0,1.0,0.6335979740115654
3627,16.0,1.0,0.5485238747552709
3628,15.0,1.0,0.4866072322341982
3629,13.0,1.0,0.5299204386348829
3630,6.0,1.0,0.6130640913820926
3631,10.0,0.0,0.0
3632,13.0,0.0,0.0
3633,16.0,1.0,0.6259851734132146
3634,15.0,1.0,0.6226390285071051
3635,10.0,1.0,0.6278068383392461
3636,13.0,1.0,0.6174286170873482
3637,16.0,1.0,0.6269356196404805
3638,14.0,1.0,0.627243823272064
3639,13.0,1.0,0.6279640286306903
3640,10.0,1.0,0.6251164122928896
3641,13.0,1.0,0.6284624925664349
3642,5.0,1.0,0.6214700407882391
3643,12.0,0.0,0.0
3644,11.0,0.0,0.0
3645,7.0,0.0,0.0
3646,8.0,0.0,0.0
3647,17.0,0.0,0.0
3648,7.0,0.0,0.0
3649,14.0,1.0,1.0488107072600854
3650,13.0,1.0,1.0454576118740253
3651,23.0,1.0,1.0334307352207681
3652,11.0,1.0,1.0625493598656257
3653,11.0,1.0,1.0807226951889615
3654,9.0,1.0,1.0807540543200438
3655,13.0,1.0,1.052915875279576
3656,8.0,1.0,0.921549011716484
3657,8.0,1.0,0.8340278858510015
3658,14.0,1.0,0.838020665207458
3659,14.0,0.0,0.0
3660,16.0,0.0,0.0
3661,18.0,0.0,0.0
3662,6.0,0.0,0.0
3663,15.0,1.0,0.5540906382936174
3664,14.0,1.0,0.5643652229410296
3665,10.0,1.0,0.5711699049750589
3666,14.0,1.0,0.576886104190442
3667,14.0,1.0,0.5851336918913271
3668,11.0,1.0,0.5972120563451132
3669,17.0,1.0,0.5890425520068565
3670,15.0,1.0,0.5254030084654302
3671,14.0,1.0,0.48007488103445944
3672,15.0,1.0,0.4873177555635443
3673,14.0,0.0,0.0
3674,10.0,0.0,0.0
3675,9.0,0.0,0.0
3676,9.0,0.0,0.0
3677,15.0,0.0,0.0
3678,12.0,0.0,0.0
3679,4.0,0.0,0.0
3680,6.0,0.0,0.0
3681,18.0,1.0,0.46634770534209335
3682,9.0,2.0,1.5709995360754392
3683,12.0,2.0,1.538176576256263
3684,11.0,2.0,1.3910724189404573
3685,10.0,2.0,1.2336761934670155
3686,13.0,2.0,1.217060091195051
3687,17.0,3.0,2.2907491787957635
3688,11.0,3.0,2.3579293714749676
3689,8.0,3.0,2.416591599697952
3690,7.0,5.0,4.632399240319188
3691,7.0,5.0,4.71884703980717
3692,15.0,5.0,4.385664338350239
3693,7.0,5.0,4.449103685615618
3694,13.0,5.0,4.734521298190835
3695,16.0,6.0,6.119607534944288
3696,16.0,6.0,6.061387584961105
3697,17.0,5.0,5.128063480128533
3698,9.0,5.0,5.124559301762363
3699,9.0,6.0,5.660132900256588
3700,11.0,4.0,3.842290583992351
3701,18.0,3.0,2.8346842118535687
3702,12.0,2.0,1.9986274683178906
3703,7.0,3.0,2.5528681857263145
3704,11.0,5.0,4.577969619400418
3705,9.0,4.0,3.712086319913318
3706,5.0,4.0,3.761135498545139
3707,8.0,4.0,3.8569901163004916
3708,11.0,4.0,3.8622607243568217
3709,11.0,3.0,3.2591095327045894
3710,6.0,4.0,4.444278875415863
3711,10.0,5.0,4.891783096747552
3712,13.0,5.0,4.7021345117686
3713,18.0,7.0,6.478468904859456
3714,7.0,5.0,4.4758976159008075
3715,12.0,5.0,4.63739563493502
3716,19.0,5.0,4.605864550514213
3717,15.0,6.0,5.610204094137175
3718,14.0,6.0,5.397687362500777
3719,11.0,6.0,5.681261001029769
3720,12.0,5.0,4.769960197705689
3721,14.0,5.0,5.037886934596596
3722,14.0,5.0,4.91146215205373
3723,8.0,2.0,2.026049646492786
3724,14.0,2.0,1.9273553790088465
3725,16.0,2.0,1.8515340087711423
3726,17.0,3.0,1.991500221540452
3727,14.0,2.0,0.761007834250635
3728,8.0,3.0,1.4764460827241246
3729,10.0,3.0,1.3992226103675711
3730,13.0,3.0,1.3577102241733527
3731,8.0,2.0,1.0350739020446238
3732,15.0,2.0,1.0513417141686592
3733,19.0,2.0,1.020198999050795
3734,16.0,2.0,1.0002727792255088
3735,15.0,2.0,0.9094833505093661
3736,11.0,3.0,1.698949416026532
3737,10.0,3.0,1.6389011636117385
3738,13.0,2.0,1.028207233739956
3739,10.0,3.0,1.7741102484324383
3740,12.0,3.0,2.1289228363920216
3741,10.0,3.0,2.2563311679705738
3742,15.0,3.0,2.139197239922067
3743,15.0,3.0,2.181576571733063
3744,10.0,3.0,2.302899833293773
3745,12.0,3.0,2.3587062388142157
3746,20.0,1.0,1.0357538419620798
3747,8.0,1.0,0.9230001160904532
3748,5.0,1.0,0.7166722517931471
3749,9.0,0.0,0.0
3750,11.0,0.0,0.0
3751,9.0,0.0,0.0
3752,12.0,0.0,0.0
3753,8.0,0.0,0.0
3754,12.0,1.0,0.14115963633871376
3755,9.0,1.0,0.19537686915756622
3756,11.0,1.0,0.21666395150327433
3757,8.0,1.0,0.21725416881623447
3758,9.0,1.0,0.2050118743816685
3759,8.0,1.0,0.17838588552095178
3760,16.0,1.0,0.10931429491503562
3761,11.0,1.0,0.011404468246099432
3762,10.0,1.0,0.049513339828576995
3763,8.0,1.0,0.07230670110828043
3764,13.0,0.0,0.0
3765,12.0,0.0,0.0
3766,10.0,1.0,0.1981053246288555
3767,17.0,1.0,0.22711888775929898
3768,13.0,1.0,0.25823491505914903
3769,9.0,1.0,0.27569797996189205
3770,10.0,2.0,0.8327944045412422
3771,7.0,2.0,0.8688212163747091
3772,19.0,2.0,0.9672258645850467
3773,12.0,2.0,1.0854165555247501
3774,16.0,2.0,1.058374817823621
3775,21.0,2.0,0.9250683249179987
3776,12.0,1.0,0.6439191289290869
3777,12.0,1.0,0.47101329830496663
3778,11.0,1.0,0.18616346082049298
3779,7.0,1.0,0.09906491849852458
3780,11.0,0.0,0.0
3781,18.0,0.0,0.0
3782,10.0,0.0,0.0
3783,8.0,0.0,0.0
3784,10.0,0.0,0.0
3785,10.0,0.0,0.0
3786,16.0,0.0,0.0
3787,13.0,1.0,0.5267484036026221
3788,13.0,1.0,0.6538378065816233
3789,11.0,1.0,0.7414637883327355
3790,14.0,2.0,1.079603645507041
3791,10.0,2.0,1.2593189367246589
3792,10.0,2.0,1.2883248944935195
3793,14.0,2.0,1.255649724212532
3794,16.0,3.0,1.788397988044429
3795,15.0,3.0,1.7531203894564382
3796,5.0,3.0,1.67927985696772
3797,10.0,2.0,0.513640700098617
3798,9.0,2.0,0.36430889693376256
3799,14.0,2.0,0.35903384453339393
3800,9.0,1.0,0.4972848180578945
3801,14.0,1.0,0.5510820313381368
3802,15.0,1.0,0.556217251340163
3803,12.0,1.0,0.5989848552383084
3804,10.0,0.0,0.0
3805,11.0,0.0,0.0
3806,9.0,0.0,0.0
3807,8.0,0.0,0.0
3808,9.0,0.0,0.0
3809,16.0,0.0,0.0
3810,14.0,0.0,0.0
3811,12.0,0.0,0.0
3812,7.0,0.0,0.0
3813,12.0,0.0,0.0
3814,8.0,0.0,0.0
3815,15.0,0.0,0.0
3816,9.0,0.0,0.0
3817,13.0,0.0,0.0
3818,15.0,0.0,0.0
3819,14.0,0.0,0.0
3820,10.0,0.0,0.0
3821,12.0,0.0,0.0
3822,14.0,0.0,0.0
3823,11.0,1.0,0.5038410761196249
3824,8.0,1.0,0.5266360748992194
3825,12.0,1.0,0.5439018846894581
3826,11.0,1.0,0.5496608821717183
3827,14.0,1.0,0.549863668544782
3828,11.0,1.0,0.5471396695705744
3829,5.0,1.0,0.5434910471515814
3830,11.0,1.0,0.5386020559667543
3831,14.0,1.0,0.5327872582594373
3832,5.0,1.0,0.5318796482068
3833,12.0,1.0,0.3589953012766386
3834,5.0,1.0,0.5314155665183389
3835,10.0,1.0,0.5915921863904648
3836,11.0,2.0,1.018189045732652
3837,11.0,2.0,1.0351396538987334
3838,9.0,2.0,1.0606413139926918
3839,10.0,2.0,1.0608113448893803
3840,10.0,2.0,1.060891597069659
3841,12.0,3.0,1.7228508182669806
3842,12.0,3.0,1.717205009092628
3843,5.0,2.0,1.1977687661590866
3844,11.0,2.0,1.2456475399437694
3845,12.0,2.0,1.4077665398046655
3846,11.0,1.0,0.8914483648038958
3847,9.0,1.0,0.8991502137358102
3848,13.0,1.0,0.9453021414670364
3849,14.0,1.0,0.9527258023943473
3850,13.0,1.0,0.9944706168477999
3851,9.0,0.0,0.0
3852,12.0,0.0,0.0
3853,12.0,0.0,0.0
3854,15.0,0.0,0.0
3855,11.0,0.0,0.0
3856,11.0,0.0,0.0
3857,8.0,0.0,0.0
3858,19.0,0.0,0.0
3859,12.0,0.0,0.0
3860,11.0,0.0,0.0
3861,11.0,0.0,0.0
3862,12.0,0.0,0.0
3863,10.0,1.0,1.0683292377047855
3864,12.0,2.0,1.5398657887671456
3865,8.0,2.0,1.5179067554959897
3866,20.0,2.0,1.55237477694493
3867,15.0,3.0,2.4765833378036968
3868,14.0,3.0,2.4565402701143615
3869,15.0,3.0,2.493373619226657
3870,10.0,3.0,2.5304671911236216
3871,14.0,3.0,2.53434938405386
3872,15.0,3.0,2.5295521992918775
3873,8.0,2.0,1.430576179188085
3874,10.0,1.0,0.9377844436848882
3875,8.0,1.0,0.9334219417103788
3876,8.0,1.0,0.9249737398599043
3877,13.0,1.0,0.42931044561577675
3878,8.0,2.0,1.1672138643390342
3879,16.0,3.0,1.3531834170255277
3880,10.0,3.0,1.4329167591290926
3881,9.0,4.0,1.9603295679299393
3882,16.0,4.0,2.093826422277686
3883,11.0,4.0,1.952588555917311
3884,14.0,4.0,1.5721117363205597
3885,9.0,4.0,0.8074500161668979
3886,11.0,4.0,0.5673390047485978
3887,12.0,4.0,1.0400920892368206
3888,18.0,3.0,0.9621757696588178
3889,10.0,2.0,0.9055548326456269
3890,10.0,2.0,0.636344893199246
3891,10.0,2.0,0.05525378976988537
3892,13.0,2.0,0.3714996540874398
3893,10.0,2.0,0.7737892257582117
3894,9.0,2.0,0.8949357771505511
3895,16.0,2.0,0.8957689861844039
3896,18.0,2.0,0.8812184712045436
3897,17.0,1.0,0.4730421873295411
3898,15.0,1.0,0.4443731487727699
3899,17.0,1.0,0.4211087756999286
3900,16.0,1.0,0.40097298813837656
3901,13.0,0.0,0.0
3902,12.0,0.0,0.0
3903,9.0,0.0,0.0
3904,10.0,0.0,0.0
3905,15.0,0.0,0.0
3906,14.0,0.0,0.0
3907,14.0,1.0,0.5330341162210261
3908,16.0,1.0,0.5724959049900491
3909,14.0,1.0,0.6044553858724309
3910,11.0,1.0,0.6129460377266643
3911,8.0,1.0,0.5973233671017288
3912,10.0,1.0,0.5782924049205695
3913,9.0,1.0,0.5781129069027058
3914,10.0,1.0,0.5559954449981003
3915,13.0,1.0,0.5070922508055319
3916,15.0,1.0,0.5078776456344178
3917,12.0,0.0,0.0
3918,13.0,0.0,0.0
3919,12.0,0.0,0.0
3920,13.0,0.0,0.0
3921,12.0,0.0,0.0
3922,7.0,1.0,0.248464410277424
3923,12.0,2.0,1.2607759796431361
3924,6.0,2.0,1.2516588682084073
3925,11.0,4.0,2.73541217801926
3926,14.0,4.0,2.8618558756924335
3927,12.0,4.0,2.9182075875011737
3928,13.0,5.0,3.5495815458447373
3929,16.0,5.0,3.698846176999025
3930,9.0,5.0,3.7345493689036386
3931,12.0,5.0,3.523748416344011
3932,15.0,4.0,3.27861465712712
3933,12.0,3.0,2.574406775130251
3934,12.0,3.0,2.528395551761204
3935,10.0,1.0,0.8125956177440747
3936,11.0,1.0,0.817756090928
3937,14.0,1.0,0.7875435472743528
3938,9.0,0.0,0.0
3939,10.0,0.0,0.0
3940,11.0,0.0,0.0
3941,12.0,0.0,0.0
3942,6.0,0.0,0.0
3943,7.0,0.0,0.0
3944,12.0,0.0,0.0
3945,13.0,0.0,0.0
3946,8.0,0.0,0.0
3947,10.0,0.0,0.0
3948,11.0,0.0,0.0
3949,12.0,1.0,0.5542686480352244
3950,15.0,1.0,0.548876721022266
3951,9.0,1.0,0.5647621567565307
3952,15.0,1.0,0.5962036663295274
3953,11.0,1.0,0.6152050049235657
3954,15.0,1.0,0.6172717824301714
3955,3.0,1.0,0.6021082731003568
3956,8.0,1.0,0.5645622309918702
3957,16.0,1.0,0.5116168954170363
3958,14.0,1.0,0.4516701662186118
3959,14.0,0.0,0.0
3960,14.0,0.0,0.0
3961,16.0,0.0,0.0
3962,11.0,0.0,0.0
3963,10.0,0.0,0.0
3964,7.0,0.0,0.0
3965,9.0,0.0,0.0
3966,12.0,0.0,0.0
3967,13.0,0.0,0.0
3968,9.0,0.0,0.0
3969,7.0,0.0,0.0
3970,8.0,0.0,0.0
3971,10.0,0.0,0.0
3972,15.0,0.0,0.0
3973,9.0,0.0,0.0
3974,16.0,0.0,0.0
3975,15.0,0.0,0.0
3976,9.0,0.0,0.0
3977,9.0,0.0,0.0
3978,12.0,0.0,0.0
3979,14.0,0.0,0.0
3980,11.0,0.0,0.0
3981,13.0,0.0,0.0
3982,9.0,0.0,0.0
3983,11.0,0.0,0.0
3984,10.0,0.0,0.0
3985,11.0,0.0,0.0
3986,7.0,0.0,0.0
3987,15.0,0.0,0.0
3988,5.0,0.0,0.0
3989,14.0,0.0,0.0
3990,20.0,0.0,0.0
3991,9.0,0.0,0.0
3992,8.0,0.0,0.0
3993,14.0,0.0,0.0
3994,9.0,0.0,0.0
3995,8.0,0.0,0.0
3996,14.0,0.0,0.0
3997,18.0,0.0,0.0
3998,8.0,0.0,0.0
3999,8.0,0.0,0.0
4000,13.0,0.0,0.0
4001,9.0,0.0,0.0
4002,11.0,0.0,0.0
4003,11.0,0.0,0.0
4004,13.0,0.0,0.0
4005,13.0,1.0,0.31866854151212953
4006,7.0,1.0,0.39515163762100586
4007,8.0,1.0,0.4291880678925531
4008,17.0,1.0,0.41674571473221494
4009,9.0,1.0,0.4102131554792201
4010,16.0,1.0,0.409104741551985
4011,7.0,1.0,0.4330561306252329
4012,9.0,2.0,0.7604352465041757
4013,7.0,5.0,3.9750712729337003
4014,6.0,5.0,4.0242244375039835
4015,15.0,4.0,3.6264202760666073
4016,9.0,5.0,4.3333466518777435
4017,8.0,5.0,4.416854348494846
4018,11.0,6.0,4.8408429152917805
4019,6.0,6.0,4.9309614829526325
4020,18.0,6.0,4.7761603110032125
4021,11.0,6.0,4.175856793872149
4022,15.0,5.0,3.8447458643666783
4023,9.0,2.0,1.4734121331125973
4024,11.0,2.0,1.413662294024236
4025,14.0,2.0,1.337015559339681
4026,13.0,1.0,0.4014711629018694
4027,10.0,1.0,0.3839242245349474
4028,11.0,0.0,0.0
4029,9.0,0.0,0.0
4030,6.0,0.0,0.0
4031,13.0,0.0,0.0
4032,10.0,0.0,0.0
4033,14.0,0.0,0.0
4034,11.0,0.0,0.0
4035,13.0,0.0,0.0
4036,17.0,0.0,0.0
4037,5.0,0.0,0.0
4038,13.0,0.0,0.0
4039,9.0,0.0,0.0
4040,12.0,0.0,0.0
4041,10.0,0.0,0.0
4042,17.0,1.0,0.36988516929443804
4043,7.0,1.0,0.4234411624590189
4044,15.0,1.0,0.49361964514123635
4045,11.0,1.0,0.5478022538518683
4046,16.0,1.0,0.560155960477987
4047,10.0,1.0,0.5657107001140085
4048,11.0,1.0,0.5406796036603932
4049,17.0,1.0,0.49934017137601666
4050,15.0,1.0,0.4714362937923361
4051,9.0,1.0,0.39136513522928523
4052,13.0,0.0,0.0
4053,11.0,0.0,0.0
4054,7.0,0.0,0.0
4055,13.0,0.0,0.0
4056,12.0,0.0,0.0
4057,12.0,1.0,0.8776049161724535
4058,10.0,2.0,1.4518298383747394
4059,9.0,2.0,1.70745691575569
4060,13.0,2.0,1.6803953077702891
4061,13.0,2.0,1.8474775558903933
4062,10.0,2.0,1.7325007212403691
4063,12.0,2.0,1.7224817889408954
4064,12.0,2.0,1.5911875907574728
4065,10.0,2.0,0.8566645020744674
4066,9.0,2.0,1.0527452382059665
4067,13.0,1.0,0.6527531353269214
4068,16.0,1.0,0.7754301733130105
4069,14.0,1.0,0.837107814998064
4070,11.0,1.0,0.8746097975813544
4071,14.0,1.0,0.8959256510877945
4072,13.0,1.0,0.9538240089626638
4073,15.0,2.0,1.2145902961870858
4074,11.0,2.0,1.178450793761134
4075,13.0,2.0,1.1747815290964396
4076,18.0,2.0,1.1272438828753466
4077,13.0,2.0,1.0478530194323241
4078,8.0,1.0,0.37780683835854045
4079,9.0,1.0,0.37532154179265886
4080,18.0,1.0,0.3738324595197351
4081,17.0,1.0,0.35086649180732027
4082,6.0,1.0,0.29321755338771566
4083,10.0,0.0,0.0
4084,10.0,0.0,0.0
4085,10.0,0.0,0.0
4086,12.0,0.0,0.0
4087,12.0,0.0,0.0
4088,11.0,0.0,0.0
4089,13.0,0.0,0.0
4090,11.0,0.0,0.0
4091,14.0,0.0,0.0
4092,15.0,0.0,0.0
4093,11.0,0.0,0.0
4094,15.0,0.0,0.0
4095,14.0,0.0,0.0
4096,10.0,0.0,0.0
4097,16.0,0.0,0.0
4098,6.0,0.0,0.0
4099,10.0,0.0,0.0
4100,8.0,0.0,0.0
4101,13.0,0.0,0.0
4102,15.0,0.0,0.0
4103,11.0,0.0,0.0
4104,14.0,0.0,0.0
4105,11.0,0.0,0.0
4106,9.0,0.0,0.0
4107,10.0,0.0,0.0
4108,8.0,0.0,0.0
4109,15.0,0.0,0.0
4110,17.0,0.0,0.0
4111,14.0,0.0,0.0
4112,10.0,0.0,0.0
4113,13.0,0.0,0.0
4114,8.0,0.0,0.0
4115,12.0,0.0,0.0
4116,11.0,0.0,0.0
4117,17.0,1.0,0.6647971552229335
4118,10.0,1.0,0.6797192043250558
4119,10.0,1.0,0.6951037628448696
4120,5.0,1.0,0.71211400821166
4121,14.0,1.0,0.7116005555089305
4122,13.0,1.0,0.7078601678185549
4123,13.0,2.0,1.141768363686805
4124,10.0,2.0,1.1517881735580981
4125,15.0,2.0,1.162807792162694
4126,17.0,2.0,1.1552630158811978
4127,9.0,1.0,0.5179841994866532
4128,9.0,1.0,0.5205989205855281
4129,10.0,1.0,0.48876808228059465
4130,9.0,2.0,0.8671234427915527
4131,9.0,2.0,0.8530496589528438
4132,16.0,2.0,0.8683971575734641
4133,9.0,1.0,0.4370234932746992
4134,13.0,1.0,0.4345672329123908
4135,10.0,1.0,0.43951440301676836
4136,6.0,1.0,0.44211119751758005
4137,10.0,1.0,0.4236889848703445
4138,18.0,2.0,0.9234171188099778
4139,11.0,2.0,0.8967395737869936
4140,8.0,1.0,0.576563932032745
4141,9.0,1.0,0.4698262676565894
4142,15.0,1.0,0.42721850249928056
4143,13.0,1.0,0.6024360708025588
4144,9.0,1.0,0.5387995289233477
4145,14.0,1.0,0.34587086144771567
4146,7.0,1.0,0.14767794590577535
4147,10.0,1.0,0.14168805144537963
4148,8.0,0.0,0.0
4149,8.0,0.0,0.0
4150,11.0,0.0,0.0
4151,12.0,0.0,0.0
4152,12.0,0.0,0.0
4153,12.0,0.0,0.0
4154,11.0,0.0,0.0
4155,11.0,0.0,0.0
4156,4.0,0.0,0.0
4157,9.0,0.0,0.0
4158,15.0,0.0,0.0
4159,11.0,0.0,0.0
4160,18.0,0.0,0.0
4161,10.0,0.0,0.0
4162,10.0,0.0,0.0
4163,12.0,0.0,0.0
4164,11.0,0.0,0.0
4165,12.0,0.0,0.0
4166,4.0,0.0,0.0
4167,5.0,0.0,0.0
4168,7.0,0.0,0.0
4169,12.0,0.0,0.0
4170,13.0,0.0,0.0
4171,18.0,0.0,0.0
4172,6.0,0.0,0.0
4173,13.0,0.0,0.0
4174,9.0,0.0,0.0
4175,9.0,1.0,0.29371020460846986
4176,17.0,1.0,0.35659748524170076
4177,5.0,1.0,0.43914570035644984
4178,7.0,1.0,0.4757473439385104
4179,12.0,1.0,0.49132631491436307
4180,14.0,1.0,0.4762214584725377
4181,12.0,1.0,0.47620987921509833
4182,16.0,1.0,0.4513612444895494
4183,10.0,1.0,0.3777687625106126
4184,17.0,1.0,0.28906518698817907
4185,17.0,0.0,0.0
4186,17.0,0.0,0.0
4187,12.0,0.0,0.0
4188,15.0,0.0,0.0
4189,11.0,0.0,0.0
4190,14.0,0.0,0.0
4191,12.0,0.0,0.0
4192,8.0,0.0,0.0
4193,16.0,0.0,0.0
4194,6.0,0.0,0.0
4195,14.0,0.0,0.0
4196,8.0,0.0,0.0
4197,9.0,0.0,0.0
4198,15.0,0.0,0.0
4199,8.0,0.0,0.0
4200,10.0,0.0,0.0
4201,16.0,0.0,0.0
4202,9.0,0.0,0.0
4203,13.0,0.0,0.0
4204,18.0,0.0,0.0
4205,14.0,0.0,0.0
4206,16.0,0.0,0.0
4207,14.0,0.0,0.0
4208,7.0,1.0,0.6279951785946695
4209,11.0,1.0,0.6087520685308949
4210,16.0,1.0,0.6239508025474332
4211,15.0,1.0,0.6392274713370596
4212,13.0,1.0,0.642971665183859
4213,11.0,1.0,0.6419142958639028
4214,6.0,1.0,0.638602157936047
4215,12.0,1.0,0.6169562771696293
4216,14.0,1.0,0.5342197798575841
4217,5.0,1.0,0.3821494225047456
4218,15.0,0.0,0.0
4219,5.0,0.0,0.0
4220,13.0,0.0,0.0
4221,14.0,0.0,0.0
4222,6.0,0.0,0.0
4223,7.0,0.0,0.0
4224,11.0,0.0,0.0
4225,14.0,0.0,0.0
4226,8.0,1.0,1.4145713398920956
4227,11.0,1.0,1.5370132799936203
4228,6.0,1.0,1.588106154162115
4229,13.0,1.0,1.6627915196922174
4230,14.0,1.0,1.657671374933009
4231,15.0,2.0,2.0713607957781393
4232,13.0,2.0,2.0828840791967917
4233,10.0,2.0,2.1777764864230793
4234,6.0,2.0,1.9875382050478867
4235,9.0,2.0,1.7470190809563433
4236,10.0,1.0,0.5335138161102642
4237,11.0,1.0,0.5619797627312998
4238,10.0,1.0,0.5227059895501854
4239,10.0,1.0,0.4217309095612569
4240,10.0,1.0,0.3498340326777436
4241,8.0,0.0,0.0
4242,9.0,0.0,0.0
4243,15.0,0.0,0.0
4244,9.0,0.0,0.0
4245,12.0,0.0,0.0
4246,11.0,0.0,0.0
4247,14.0,0.0,0.0
4248,12.0,0.0,0.0
4249,12.0,0.0,0.0
4250,11.0,0.0,0.0
4251,17.0,0.0,0.0
4252,15.0,0.0,0.0
4253,8.0,0.0,0.0
4254,11.0,0.0,0.0
4255,14.0,0.0,0.0
4256,15.0,0.0,0.0
4257,16.0,0.0,0.0
4258,13.0,0.0,0.0
4259,12.0,0.0,0.0
4260,11.0,0.0,0.0
4261,17.0,0.0,0.0
4262,12.0,0.0,0.0
4263,15.0,0.0,0.0
4264,11.0,0.0,0.0
4265,13.0,0.0,0.0
4266,11.0,0.0,0.0
4267,16.0,0.0,0.0
4268,12.0,0.0,0.0
4269,15.0,0.0,0.0
4270,10.0,1.0,0.31927213444373326
4271,8.0,1.0,0.3842435645317977
4272,9.0,1.0,0.5819636722977527
4273,8.0,1.0,0.8767306759317466
4274,7.0,1.0,0.9894633225957504
4275,12.0,1.0,0.9830049763002758
4276,15.0,1.0,0.9378046234065711
4277,12.0,1.0,0.9313504368047956
4278,6.0,1.0,0.8783615800817529
4279,9.0,1.0,0.8808354845513087
4280,13.0,0.0,0.0
4281,10.0,0.0,0.0
4282,3.0,0.0,0.0
4283,15.0,0.0,0.0
4284,18.0,0.0,0.0
4285,15.0,0.0,0.0
4286,15.0,0.0,0.0
4287,17.0,0.0,0.0
4288,16.0,0.0,0.0
4289,12.0,0.0,0.0
4290,12.0,1.0,1.167505675706962
4291,10.0,1.0,1.1902849244488627
4292,9.0,1.0,1.1940556513961962
4293,12.0,1.0,1.1910534746421422
4294,9.0,1.0,1.1814325289801662
4295,14.0,1.0,1.1641283871360486
4296,11.0,1.0,1.1617373736403622
4297,15.0,1.0,1.1852648666233698
4298,14.0,1.0,1.1779957739798932
4299,11.0,1.0,1.1339851086136221
4300,11.0,0.0,0.0
4301,10.0,0.0,0.0
4302,11.0,0.0,0.0
4303,13.0,0.0,0.0
4304,7.0,0.0,0.0
4305,12.0,0.0,0.0
4306,9.0,0.0,0.0
4307,11.0,0.0,0.0
4308,14.0,0.0,0.0
4309,11.0,0.0,0.0
4310,7.0,0.0,0.0
4311,12.0,0.0,0.0
4312,11.0,0.0,0.0
4313,15.0,0.0,0.0
4314,11.0,0.0,0.0
4315,7.0,0.0,0.0
4316,8.0,0.0,0.0
4317,10.0,0.0,0.0
4318,14.0,0.0,0.0
4319,11.0,0.0,0.0
4320,12.0,0.0,0.0
4321,16.0,0.0,0.0
4322,10.0,2.0,0.9481921562230614
4323,9.0,2.0,1.033198526596417
4324,10.0,2.0,1.084935460507011
4325,16.0,2.0,1.194756913954252
4326,10.0,2.0,1.234826767014266
4327,7.0,2.0,1.2090421028187648
4328,17.0,2.0,1.1399656537627445
4329,17.0,2.0,1.0003973230153111
4330,10.0,2.0,0.7998253652341494
4331,14.0,2.0,0.6695305848327033
4332,13.0,0.0,0.0
4333,13.0,0.0,0.0
4334,11.0,0.0,0.0
4335,11.0,0.0,0.0
4336,8.0,0.0,0.0
4337,6.0,0.0,0.0
4338,11.0,0.0,0.0
4339,10.0,0.0,0.0
4340,11.0,0.0,0.0
4341,10.0,0.0,0.0
4342,12.0,1.0,0.4272923368376859
4343,5.0,1.0,0.5733502996841011
4344,14.0,1.0,0.6273259997226874
4345,7.0,1.0,0.6261365339852231
4346,10.0,1.0,0.6212036043030913
4347,15.0,1.0,0.6180456695728084
4348,7.0,1.0,0.6191029148943458
4349,14.0,1.0,0.6213906017375833
4350,15.0,1.0,0.6222905592272916
4351,19.0,1.0,0.6274089015407763
4352,13.0,0.0,0.0
4353,12.0,0.0,0.0
4354,8.0,0.0,0.0
4355,8.0,0.0,0.0
4356,9.0,0.0,0.0
4357,12.0,0.0,0.0
4358,13.0,0.0,0.0
4359,6.0,0.0,0.0
4360,13.0,0.0,0.0
4361,15.0,0.0,0.0
4362,12.0,0.0,0.0
4363,12.0,0.0,0.0
4364,19.0,0.0,0.0
4365,20.0,0.0,0.0
4366,14.0,0.0,0.0
4367,15.0,0.0,0.0
4368,14.0,1.0,0.5449491286065219
4369,11.0,1.0,0.5791084419995842
4370,10.0,1.0,0.5879166175808416
4371,15.0,1.0,0.6234931256108345
4372,10.0,1.0,0.6371783557333972
4373,10.0,1.0,0.6327672236091983
4374,13.0,1.0,0.6192036535126754
4375,7.0,1.0,0.6017308509319306
4376,7.0,1.0,0.5823615999897673
4377,10.0,1.0,0.49869062538591824
4378,15.0,0.0,0.0
4379,11.0,0.0,0.0
4380,9.0,0.0,0.0
4381,14.0,0.0,0.0
4382,16.0,0.0,0.0
4383,13.0,0.0,0.0
4384,12.0,0.0,0.0
4385,8.0,0.0,0.0
4386,9.0,0.0,0.0
4387,8.0,1.0,0.43840342524096565
4388,9.0,1.0,0.5379664585395573
4389,15.0,1.0,0.5273592995278162
4390,12.0,1.0,0.42800848357463706
4391,11.0,1.0,0.30749011034671636
4392,13.0,1.0,0.42414946162925604
4393,13.0,1.0,0.5831451461380122
4394,5.0,1.0,0.590337748971888
4395,15.0,1.0,0.5717339057920618
4396,8.0,1.0,0.5733038867522487
4397,12.0,0.0,0.0
4398,12.0,0.0,0.0
4399,15.0,0.0,0.0
4400,17.0,0.0,0.0
4401,9.0,0.0,0.0
4402,15.0,0.0,0.0
4403,12.0,1.0,0.20353783647254095
4404,20.0,1.0,0.2709761513142288
4405,8.0,1.0,0.312652624033827
4406,12.0,1.0,0.3281022675563073
4407,12.0,1.0,0.3167504631643845
4408,12.0,1.0,0.2953402536594132
4409,10.0,1.0,0.29808610812411296
4410,11.0,1.0,0.31537040524659465
4411,14.0,1.0,0.2671417007459222
4412,11.0,2.0,0.587096546260202
4413,8.0,1.0,0.7345212735174926
4414,8.0,1.0,0.9723835330244923
4415,11.0,1.0,1.2167222302818466
4416,12.0,1.0,1.3016242812141163
4417,8.0,1.0,1.3500676142656518
4418,17.0,1.0,1.3927329556112729
4419,12.0,1.0,1.3395758699192442
4420,9.0,1.0,1.1818744933423988
4421,14.0,1.0,0.9455920795457037
4422,16.0,0.0,0.0
4423,11.0,0.0,0.0
4424,17.0,0.0,0.0
4425,7.0,0.0,0.0
4426,10.0,0.0,0.0
4427,5.0,0.0,0.0
4428,14.0,0.0,0.0
4429,18.0,0.0,0.0
4430,6.0,0.0,0.0
4431,8.0,1.0,0.2568559834313424
4432,10.0,1.0,0.28862279370242033
4433,8.0,1.0,0.3152236382330497
4434,13.0,1.0,0.32769062869020765
4435,13.0,1.0,0.3291314665303365
4436,9.0,1.0,0.3274944246501665
4437,7.0,1.0,0.32356431592859475
4438,15.0,1.0,0.3177483043837546
4439,9.0,1.0,0.30610421418098416
4440,10.0,1.0,0.2894885401428384
4441,7.0,0.0,0.0
4442,11.0,0.0,0.0
4443,9.0,0.0,0.0
4444,9.0,0.0,0.0
4445,9.0,1.0,1.0915696537372515
4446,14.0,1.0,1.1016088231463457
4447,13.0,3.0,1.5605784795685795
4448,10.0,3.0,1.817751063935679
4449,8.0,3.0,2.3263981046745155
4450,16.0,3.0,2.68199363004204
4451,13.0,3.0,2.595687368113193
4452,10.0,3.0,2.511241039026188
4453,11.0,3.0,2.428112070990255
4454,17.0,3.0,2.307706274702263
4455,10.0,2.0,1.233798434542829
4456,10.0,2.0,1.1327608180211703
4457,11.0,0.0,0.0
4458,17.0,0.0,0.0
4459,21.0,0.0,0.0
4460,8.0,1.0,1.0049929688241621
4461,9.0,1.0,1.0832788481168327
4462,9.0,1.0,1.1105333678383071
4463,12.0,1.0,1.0889000365455568
4464,12.0,1.0,1.06501271163068
4465,15.0,1.0,1.1006946876009363
4466,17.0,1.0,1.1000097814672898
4467,13.0,1.0,1.052655616099362
4468,6.0,1.0,1.1267296959035993
4469,14.0,1.0,1.1505061992738033
4470,8.0,0.0,0.0
4471,12.0,0.0,0.0
4472,12.0,0.0,0.0
4473,7.0,0.0,0.0
4474,18.0,0.0,0.0
4475,9.0,0.0,0.0
4476,14.0,0.0,0.0
4477,12.0,0.0,0.0
4478,11.0,1.0,0.3802673728379429
4479,8.0,2.0,1.1482794853014355
4480,10.0,2.0,1.5579673025219383
4481,11.0,2.0,1.880539658230017
4482,13.0,2.0,2.027729879953612
4483,11.0,2.0,2.0256026510272105
4484,14.0,2.0,1.953209852907372
4485,11.0,2.0,1.9115814668680975
4486,8.0,2.0,1.6837595800818834
4487,7.0,2.0,1.4577463504753458
4488,19.0,1.0,1.005776181791703
4489,16.0,0.0,0.0
4490,6.0,0.0,0.0
4491,10.0,0.0,0.0
4492,12.0,1.0,0.9890296227636483
4493,5.0,1.0,0.9298557790984042
4494,12.0,1.0,0.9159922420389359
4495,10.0,1.0,1.0169485974936947
4496,11.0,1.0,1.2081721666460332
4497,9.0,1.0,1.1914810358766146
4498,12.0,1.0,1.05070842445552
4499,12.0,1.0,0.7843405516341019
4500,12.0,1.0,0.680875350726639
4501,9.0,1.0,0.6643995375589761
4502,12.0,0.0,0.0
4503,13.0,0.0,0.0
4504,15.0,0.0,0.0
4505,10.0,0.0,0.0
4506,8.0,0.0,0.0
4507,9.0,0.0,0.0
4508,13.0,0.0,0.0
4509,6.0,0.0,0.0
4510,16.0,0.0,0.0
4511,17.0,0.0,0.0
4512,15.0,0.0,0.0
4513,19.0,0.0,0.0
4514,8.0,0.0,0.0
4515,10.0,0.0,0.0
4516,8.0,0.0,0.0
4517,17.0,0.0,0.0
4518,7.0,0.0,0.0
4519,9.0,1.0,0.5601887572180081
4520,13.0,1.0,0.6105059766555221
4521,8.0,1.0,0.5737239778489609
4522,9.0,2.0,1.6500718748397936
4523,13.0,2.0,1.5303305816277704
4524,16.0,2.0,1.7872281939407348
4525,10.0,2.0,1.9072956362327536
4526,14.0,2.0,1.7889562695396495
4527,19.0,2.0,1.8071173847949153
4528,12.0,2.0,1.7511051418562458
4529,11.0,1.0,1.2563014028427573
4530,15.0,2.0,2.6518872134272744
4531,16.0,2.0,2.581657722049502
4532,12.0,1.0,1.4362757691747283
4533,20.0,1.0,1.4453959009602502
4534,7.0,1.0,1.4527031695495969
4535,10.0,1.0,1.454425647892231
4536,10.0,1.0,1.4514254260740829
4537,15.0,1.0,1.445914190336062
4538,10.0,1.0,1.4300208998714252
4539,20.0,1.0,1.3642646664844824
4540,13.0,0.0,0.0
4541,17.0,0.0,0.0
4542,10.0,0.0,0.0
4543,13.0,0.0,0.0
4544,8.0,0.0,0.0
4545,15.0,0.0,0.0
4546,15.0,0.0,0.0
4547,16.0,0.0,0.0
4548,13.0,1.0,0.720925424021676
4549,11.0,1.0,0.9233866967230262
4550,14.0,1.0,1.1703156590478685
4551,10.0,1.0,1.249670928483105
4552,13.0,1.0,1.2197657896874297
4553,14.0,1.0,1.2068540397193106
4554,8.0,1.0,1.2223147965600543
4555,13.0,1.0,1.2208444459346557
4556,20.0,1.0,1.07980251129025
4557,11.0,1.0,0.7749423453481766
4558,13.0,0.0,0.0
4559,13.0,0.0,0.0
4560,12.0,0.0,0.0
4561,12.0,0.0,0.0
4562,9.0,0.0,0.0
4563,7.0,0.0,0.0
4564,11.0,0.0,0.0
4565,11.0,0.0,0.0
4566,10.0,0.0,0.0
4567,8.0,1.0,0.6068148002143132
4568,13.0,1.0,0.6292917949847168
4569,14.0,1.0,0.6278567974313078
4570,8.0,1.0,0.6164600413675864
4571,12.0,1.0,0.6372568424565197
4572,15.0,1.0,0.6302000463112546
4573,9.0,1.0,0.60010915560959
4574,15.0,1.0,0.5719999850003603
4575,5.0,1.0,0.6080917645519287
4576,16.0,1.0,0.6241682484739098
4577,11.0,2.0,1.0524136616892883
4578,15.0,2.0,1.074409575047149
4579,11.0,2.0,1.096203391082658
4580,11.0,2.0,1.1720433479306562
4581,15.0,2.0,1.1654038476954294
4582,14.0,2.0,1.1623081083964375
4583,15.0,2.0,1.1482693991770272
4584,13.0,2.0,1.109292140842701
4585,8.0,2.0,1.102109584576736
4586,16.0,2.0,1.0256444145962718
4587,9.0,0.0,0.0
4588,9.0,0.0,0.0
4589,17.0,0.0,0.0
4590,14.0,0.0,0.0
4591,11.0,0.0,0.0
4592,16.0,0.0,0.0
4593,12.0,0.0,0.0
4594,14.0,0.0,0.0
4595,11.0,0.0,0.0
4596,12.0,0.0,0.0
4597,9.0,0.0,0.0
4598,13.0,0.0,0.0
4599,11.0,0.0,0.0
4600,11.0,0.0,0.0
4601,17.0,0.0,0.0
4602,12.0,0.0,0.0
4603,13.0,0.0,0.0
4604,15.0,0.0,0.0
4605,16.0,0.0,0.0
4606,15.0,0.0,0.0
4607,13.0,0.0,0.0
4608,12.0,0.0,0.0
4609,11.0,0.0,0.0
4610,10.0,0.0,0.0
4611,12.0,0.0,0.0
4612,16.0,0.0,0.0
4613,9.0,0.0,0.0
4614,10.0,0.0,0.0
4615,7.0,0.0,0.0
4616,19.0,0.0,0.0
4617,11.0,0.0,0.0
4618,12.0,0.0,0.0
4619,14.0,0.0,0.0
4620,6.0,0.0,0.0
4621,9.0,0.0,0.0
4622,16.0,0.0,0.0
4623,11.0,0.0,0.0
4624,15.0,0.0,0.0
4625,13.0,0.0,0.0
4626,6.0,0.0,0.0
4627,12.0,0.0,0.0
4628,10.0,0.0,0.0
4629,10.0,0.0,0.0
4630,17.0,0.0,0.0
4631,10.0,0.0,0.0
4632,13.0,0.0,0.0
4633,14.0,0.0,0.0
4634,17.0,0.0,0.0
4635,16.0,0.0,0.0
4636,17.0,0.0,0.0
4637,17.0,0.0,0.0
4638,13.0,0.0,0.0
4639,15.0,0.0,0.0
4640,6.0,0.0,0.0
4641,19.0,0.0,0.0
4642,7.0,0.0,0.0
4643,14.0,0.0,0.0
4644,15.0,0.0,0.0
4645,8.0,0.0,0.0
4646,8.0,0.0,0.0
4647,17.0,0.0,0.0
4648,9.0,0.0,0.0
4649,13.0,0.0,0.0
4650,8.0,0.0,0.0
4651,11.0,0.0,0.0
4652,6.0,0.0,0.0
4653,9.0,0.0,0.0
4654,8.0,0.0,0.0
4655,19.0,0.0,0.0
4656,12.0,0.0,0.0
4657,15.0,0.0,0.0
4658,15.0,0.0,0.0
4659,14.0,0.0,0.0
4660,14.0,0.0,0.0
4661,16.0,0.0,0.0
4662,16.0,0.0,0.0
4663,17.0,0.0,0.0
4664,8.0,0.0,0.0
4665,11.0,0.0,0.0
4666,9.0,0.0,0.0
4667,7.0,0.0,0.0
4668,14.0,0.0,0.0
4669,10.0,0.0,0.0
4670,12.0,0.0,0.0
4671,16.0,0.0,0.0
4672,15.0,0.0,0.0
4673,11.0,0.0,0.0
4674,12.0,0.0,0.0
4675,10.0,0.0,0.0
4676,11.0,0.0,0.0
4677,12.0,0.0,0.0
4678,13.0,0.0,0.0
4679,7.0,0.0,0.0
4680,12.0,0.0,0.0
4681,15.0,0.0,0.0
4682,13.0,0.0,0.0
4683,17.0,0.0,0.0
4684,15.0,0.0,0.0
4685,8.0,0.0,0.0
4686,9.0,0.0,0.0
4687,12.0,0.0,0.0
4688,18.0,0.0,0.0
4689,11.0,0.0,0.0
4690,12.0,0.0,0.0
4691,16.0,0.0,0.0
4692,15.0,0.0,0.0
4693,10.0,0.0,0.0
4694,14.0,0.0,0.0
4695,12.0,0.0,0.0
4696,14.0,0.0,0.0
4697,9.0,0.0,0.0
4698,13.0,0.0,0.0
4699,13.0,0.0,0.0
4700,17.0,0.0,0.0
4701,14.0,0.0,0.0
4702,9.0,0.0,0.0
4703,13.0,0.0,0.0
4704,10.0,0.0,0.0
4705,11.0,0.0,0.0
4706,13.0,0.0,0.0
4707,14.0,1.0,0.5695202389653129
4708,16.0,1.0,0.5762052741535422
4709,14.0,1.0,0.5780560541850499
4710,4.0,1.0,0.5793921485000277
4711,12.0,1.0,0.5805053537778323
4712,8.0,1.0,0.5813832166728957
4713,21.0,2.0,0.9684860821153642
4714,12.0,2.0,1.0086915768785882
4715,14.0,2.0,1.0848781566569201
4716,10.0,2.0,1.1247206877019091
4717,17.0,1.0,0.6778188845328807
4718,7.0,1.0,0.6733963121021739
4719,8.0,1.0,0.6422785392258682
4720,10.0,1.0,0.6026638799410738
4721,20.0,1.0,0.5605066946660742
4722,12.0,1.0,0.5263517434529
4723,7.0,0.0,0.0
4724,18.0,0.0,0.0
4725,12.0,0.0,0.0
4726,9.0,0.0,0.0
4727,8.0,1.0,0.2720360824734677
4728,14.0,1.0,0.2710162486533236
4729,7.0,1.0,0.2714135476428006
4730,3.0,1.0,0.2740083014888153
4731,9.0,2.0,1.3020291501040047
4732,16.0,2.0,1.3360515847361687
4733,11.0,2.0,1.3507245640153065
4734,11.0,3.0,1.6200798683938662
4735,15.0,3.0,1.6213617262558093
4736,12.0,3.0,1.625822318065055
4737,13.0,2.0,1.3694234601887834
4738,7.0,3.0,2.159507706529876
4739,15.0,3.0,2.347214835760034
4740,10.0,3.0,2.3143794461317664
4741,13.0,2.0,1.3823492024249255
4742,12.0,2.0,1.3101636111922006
4743,10.0,2.0,1.2848723485094746
4744,6.0,1.0,1.1244518674922712
4745,8.0,1.0,1.1298165002469078
4746,6.0,2.0,1.6622410234144542
4747,9.0,2.0,1.8158453855977568
4748,17.0,1.0,0.8900519425624298
4749,16.0,1.0,0.9184536047992141
4750,13.0,2.0,1.6308194223131947
4751,14.0,2.0,1.6493511815186856
4752,15.0,2.0,1.646777624704351
4753,7.0,2.0,1.652368198752679
4754,16.0,2.0,1.673027445252259
4755,4.0,2.0,1.684701482366021
4756,8.0,1.0,0.7711414434117642
4757,15.0,1.0,0.7383093738742774
4758,9.0,1.0,0.6862079941704677
4759,13.0,1.0,0.637817864222041
4760,13.0,0.0,0.0
4761,15.0,0.0,0.0
4762,14.0,0.0,0.0
4763,11.0,0.0,0.0
4764,11.0,0.0,0.0
4765,6.0,0.0,0.0
4766,15.0,1.0,0.5549492425071679
4767,12.0,1.0,0.5832355522879138
4768,12.0,1.0,0.6187508978920973
4769,9.0,1.0,0.6458821391154848
4770,10.0,1.0,0.6426137136041064
4771,7.0,1.0,0.6373731986719059
4772,13.0,2.0,0.7675410134363942
4773,20.0,2.0,0.740195777211195
4774,13.0,2.0,0.647411605410081
4775,13.0,2.0,0.6464637924212191
4776,12.0,1.0,0.4407929677100417
4777,10.0,1.0,0.4383300846345004
4778,12.0,2.0,1.030648466948596
4779,15.0,2.0,1.1059705339432433
4780,12.0,2.0,1.1514567931983213
4781,19.0,2.0,1.1306404239296324
4782,14.0,1.0,0.7861354164218758
4783,10.0,1.0,0.7978551404288098
4784,7.0,1.0,0.7831750439888195
4785,19.0,1.0,0.7268428507724021
4786,18.0,1.0,0.6654451028708033
4787,24.0,1.0,0.6309336179249618
4788,15.0,0.0,0.0
4789,9.0,0.0,0.0
4790,9.0,0.0,0.0
4791,11.0,0.0,0.0
4792,13.0,0.0,0.0
4793,11.0,0.0,0.0
4794,12.0,0.0,0.0
4795,13.0,0.0,0.0
4796,14.0,0.0,0.0
4797,8.0,0.0,0.0
4798,10.0,0.0,0.0
4799,13.0,1.0,0.1845716770861329
4800,10.0,1.0,0.21097605895718038
4801,7.0,1.0,0.24245067115620042
4802,11.0,1.0,0.24562722067046064
4803,13.0,1.0,0.2535626131582393
4804,16.0,1.0,0.2776537293118524
4805,10.0,1.0,0.2576251874189448
4806,11.0,1.0,0.24303152682054407
4807,10.0,1.0,0.24609711361829065
4808,9.0,1.0,0.24105136567599986
4809,18.0,0.0,0.0
4810,10.0,0.0,0.0
4811,9.0,0.0,0.0
4812,14.0,0.0,0.0
4813,8.0,0.0,0.0
4814,11.0,0.0,0.0
4815,8.0,0.0,0.0
4816,8.0,0.0,0.0
4817,13.0,0.0,0.0
4818,13.0,0.0,0.0
4819,19.0,0.0,0.0
4820,11.0,0.0,0.0
4821,15.0,0.0,0.0
4822,10.0,0.0,0.0
4823,9.0,0.0,0.0
4824,7.0,0.0,0.0
4825,14.0,0.0,0.0
4826,10.0,0.0,0.0
4827,19.0,0.0,0.0
4828,12.0,0.0,0.0
4829,15.0,0.0,0.0
4830,11.0,0.0,0.0
4831,13.0,0.0,0.0
4832,10.0,0.0,0.0
4833,13.0,0.0,0.0
4834,12.0,0.0,0.0
4835,10.0,0.0,0.0
4836,10.0,0.0,0.0
4837,13.0,0.0,0.0
4838,10.0,0.0,0.0
4839,14.0,0.0,0.0
4840,11.0,0.0,0.0
4841,14.0,0.0,0.0
4842,15.0,0.0,0.0
4843,14.0,0.0,0.0
4844,11.0,0.0,0.0
4845,19.0,0.0,0.0
4846,13.0,0.0,0.0
4847,5.0,0.0,0.0
4848,13.0,0.0,0.0
4849,17.0,0.0,0.0
4850,11.0,0.0,0.0
4851,9.0,0.0,0.0
4852,9.0,0.0,0.0
4853,7.0,0.0,0.0
4854,10.0,0.0,0.0
4855,13.0,0.0,0.0
4856,21.0,0.0,0.0
4857,13.0,0.0,0.0
4858,18.0,0.0,0.0
4859,15.0,0.0,0.0
4860,11.0,1.0,0.6620619937843903
4861,15.0,1.0,0.8727809475817917
4862,9.0,1.0,1.0390167278272335
4863,12.0,1.0,1.1176735577552046
4864,11.0,1.0,1.1428955445669011
4865,15.0,1.0,1.1692233005890829
4866,13.0,2.0,1.4353167914745881
4867,12.0,2.0,1.488996184035161
4868,14.0,2.0,1.4892911297480764
4869,12.0,2.0,1.4790927451391074
4870,21.0,1.0,0.5024934297942257
4871,10.0,2.0,0.9153796738676108
4872,6.0,2.0,0.9642625669594984
4873,9.0,2.0,1.1118976871179318
4874,15.0,2.0,1.208381627235586
4875,9.0,2.0,1.2213631971491365
4876,19.0,1.0,0.8104052187315467
4877,15.0,1.0,0.7774415879616623
4878,7.0,1.0,0.7309719379469973
4879,14.0,1.0,0.672217689121679
4880,12.0,1.0,0.5941069927977345
4881,10.0,0.0,0.0
4882,12.0,0.0,0.0
4883,17.0,0.0,0.0
4884,16.0,0.0,0.0
4885,8.0,0.0,0.0
4886,14.0,0.0,0.0
4887,13.0,0.0,0.0
4888,9.0,0.0,0.0
4889,8.0,0.0,0.0
4890,12.0,0.0,0.0
4891,11.0,0.0,0.0
4892,11.0,0.0,0.0
4893,11.0,0.0,0.0
4894,19.0,1.0,0.599836232243182
4895,12.0,1.0,0.6356509694031574
4896,16.0,1.0,0.6681110339072683
4897,11.0,1.0,0.6946590266907106
4898,10.0,1.0,0.7246063166092099
4899,10.0,1.0,0.7261614114194814
4900,14.0,1.0,0.6910348788670366
4901,13.0,1.0,0.6337280751553515
4902,13.0,1.0,0.5883426632845876
4903,11.0,1.0,0.46001532593349875
4904,11.0,0.0,0.0
4905,11.0,0.0,0.0
4906,9.0,0.0,0.0
4907,14.0,0.0,0.0
4908,15.0,0.0,0.0
4909,5.0,0.0,0.0
4910,11.0,0.0,0.0
4911,15.0,0.0,0.0
4912,16.0,1.0,0.41691955749402837
4913,14.0,1.0,0.405632480846964
4914,14.0,1.0,0.42209139464406503
4915,10.0,1.0,0.45995178532726
4916,14.0,1.0,0.46569354862532486
4917,12.0,1.0,0.4696442378772188
4918,7.0,1.0,0.45560126433892223
4919,17.0,1.0,0.40741624499037005
4920,8.0,1.0,0.2058170087032525
4921,10.0,1.0,0.10847197543234025
4922,13.0,0.0,0.0
4923,16.0,0.0,0.0
4924,9.0,0.0,0.0
4925,11.0,0.0,0.0
4926,11.0,0.0,0.0
4927,7.0,0.0,0.0
4928,8.0,0.0,0.0
4929,17.0,0.0,0.0
4930,18.0,0.0,0.0
4931,11.0,0.0,0.0
4932,9.0,0.0,0.0
4933,17.0,0.0,0.0
4934,19.0,0.0,0.0
4935,13.0,0.0,0.0
4936,10.0,0.0,0.0
4937,15.0,0.0,0.0
4938,14.0,0.0,0.0
4939,14.0,0.0,0.0
4940,13.0,0.0,0.0
4941,18.0,0.0,0.0
4942,13.0,0.0,0.0
4943,6.0,0.0,0.0
4944,11.0,0.0,0.0
4945,11.0,0.0,0.0
4946,9.0,0.0,0.0
4947,18.0,1.0,0.2937547872995017
4948,10.0,1.0,0.7415097911517128
4949,14.0,1.0,0.9397979784848749
4950,8.0,2.0,1.202855472019119
4951,14.0,2.0,1.2141781549551673
4952,9.0,2.0,1.2164167715901752
4953,5.0,2.0,1.196005770773374
4954,12.0,2.0,1.2005265206338733
4955,6.0,2.0,1.2285240359214626
4956,19.0,3.0,1.4926156865934157
4957,9.0,2.0,0.5891993976294165
4958,16.0,2.0,0.5981564336303302
4959,8.0,2.0,0.5882853594944464
4960,16.0,1.0,0.3325281589051935
4961,14.0,1.0,0.32865454054347015
4962,11.0,1.0,0.32254256253519964
4963,14.0,1.0,0.3111817078276663
4964,10.0,1.0,0.32370529905999934
4965,14.0,1.0,0.28472149316012463
4966,15.0,0.0,0.0
4967,15.0,0.0,0.0
4968,10.0,0.0,0.0
4969,9.0,0.0,0.0
4970,15.0,0.0,0.0
4971,9.0,0.0,0.0
4972,9.0,0.0,0.0
4973,11.0,0.0,0.0
4974,5.0,0.0,0.0
4975,15.0,0.0,0.0
4976,10.0,0.0,0.0
4977,12.0,0.0,0.0
4978,15.0,0.0,0.0
4979,11.0,0.0,0.0
4980,11.0,2.0,0.6135566960084743
4981,14.0,2.0,0.6744647669304764
4982,14.0,2.0,0.7037526330119324
4983,15.0,2.0,0.7256110625219635
4984,17.0,2.0,0.7464762596204235
4985,10.0,2.0,0.7426649095340359
4986,9.0,2.0,0.7266338165916075
4987,15.0,2.0,0.7152174794097121
4988,10.0,2.0,0.6951061158339823
4989,7.0,3.0,0.9719715807016018
4990,10.0,1.0,0.3683775043606666
4991,16.0,1.0,0.40226161987074077
4992,14.0,1.0,0.41620776482374355
4993,10.0,1.0,0.4289572137450109
4994,16.0,1.0,0.42549838078829677
4995,7.0,1.0,0.41233711591096267
4996,19.0,1.0,0.39299738732109707
4997,9.0,1.0,0.36150878133003705
4998,16.0,1.0,0.36339240591116767
4999,13.0,0.0,0.0
5000,11.0,0.0,0.0
5001,17.0,0.0,0.0
5002,7.0,0.0,0.0
5003,16.0,0.0,0.0
5004,13.0,0.0,0.0
5005,5.0,0.0,0.0
5006,18.0,0.0,0.0
5007,11.0,0.0,0.0
5008,9.0,0.0,0.0
5009,4.0,0.0,0.0
5010,11.0,0.0,0.0
5011,16.0,0.0,0.0
5012,11.0,0.0,0.0
5013,7.0,0.0,0.0
5014,11.0,0.0,0.0
5015,8.0,0.0,0.0
5016,9.0,0.0,0.0
5017,13.0,0.0,0.0
5018,13.0,0.0,0.0
5019,13.0,0.0,0.0
5020,14.0,0.0,0.0
5021,14.0,0.0,0.0
5022,8.0,0.0,0.0
5023,8.0,0.0,0.0
5024,14.0,0.0,0.0
5025,13.0,0.0,0.0
5026,14.0,0.0,0.0
5027,13.0,0.0,0.0
5028,13.0,0.0,0.0
5029,11.0,0.0,0.0
5030,5.0,0.0,0.0
5031,5.0,0.0,0.0
5032,11.0,1.0,0.9978434105445736
5033,17.0,1.0,0.9986443139414386
5034,15.0,1.0,0.9993447677417044
5035,11.0,1.0,0.9996702757815981
5036,21.0,1.0,0.9997787378456617
5037,16.0,1.0,0.9996621747858919
5038,15.0,1.0,0.9993262287990466
5039,8.0,1.0,0.9991450955236775
5040,10.0,1.0,0.9992088357938764
5041,16.0,2.0,1.658691770625832
5042,14.0,1.0,0.6944755047528056
5043,8.0,2.0,1.6142050557929375
5044,9.0,2.0,1.6577158796588394
5045,11.0,2.0,1.6833496153157956
5046,10.0,2.0,1.6828161438297693
5047,16.0,2.0,1.6781015461207933
5048,14.0,3.0,3.014948871419896
5049,13.0,3.0,3.0106603486495804
5050,14.0,3.0,3.0070938606997317
5051,11.0,2.0,2.319793044606434
5052,7.0,2.0,2.327455521667311
5053,11.0,1.0,1.3942701708571301
5054,8.0,1.0,1.3863261380454321
5055,11.0,1.0,1.363711280099629
5056,15.0,1.0,1.3185056411488214
5057,19.0,1.0,1.2205777700296094
5058,12.0,0.0,0.0
5059,8.0,0.0,0.0
5060,12.0,0.0,0.0
5061,18.0,0.0,0.0
5062,14.0,0.0,0.0
5063,11.0,0.0,0.0
5064,11.0,0.0,0.0
5065,14.0,0.0,0.0
5066,17.0,0.0,0.0
5067,9.0,0.0,0.0
5068,9.0,0.0,0.0
5069,15.0,0.0,0.0
5070,7.0,0.0,0.0
5071,9.0,0.0,0.0
5072,13.0,0.0,0.0
5073,13.0,0.0,0.0
5074,12.0,0.0,0.0
5075,14.0,0.0,0.0
5076,11.0,0.0,0.0
5077,10.0,0.0,0.0
5078,5.0,0.0,0.0
5079,14.0,0.0,0.0
5080,13.0,0.0,0.0
5081,15.0,0.0,0.0
5082,6.0,0.0,0.0
5083,14.0,0.0,0.0
5084,12.0,0.0,0.0
5085,8.0,0.0,0.0
5086,8.0,0.0,0.0
5087,11.0,0.0,0.0
5088,9.0,1.0,0.6483547217568151
5089,11.0,1.0,0.6489530885124433
5090,13.0,2.0,1.5035373012641622
5091,12.0,2.0,1.545518256554565
5092,14.0,2.0,1.6090319932852675
5093,5.0,2.0,1.6762045674465782
5094,14.0,2.0,1.6981961954679778
5095,13.0,2.0,1.676349314412513
5096,10.0,2.0,1.6397549953824009
5097,10.0,2.0,1.6132120115994286
5098,10.0,1.0,0.9836260931915414
5099,18.0,1.0,1.0106437586754387
5100,12.0,0.0,0.0
5101,13.0,0.0,0.0
5102,7.0,0.0,0.0
5103,13.0,0.0,0.0
5104,8.0,0.0,0.0
5105,7.0,0.0,0.0
5106,15.0,0.0,0.0
5107,17.0,0.0,0.0
5108,11.0,0.0,0.0
5109,10.0,0.0,0.0
5110,11.0,0.0,0.0
5111,10.0,0.0,0.0
5112,9.0,0.0,0.0
5113,10.0,0.0,0.0
5114,14.0,0.0,0.0
5115,13.0,0.0,0.0
5116,11.0,0.0,0.0
5117,8.0,0.0,0.0
5118,20.0,0.0,0.0
5119,17.0,0.0,0.0
5120,9.0,0.0,0.0
5121,14.0,0.0,0.0
5122,9.0,0.0,0.0
5123,15.0,0.0,0.0
5124,7.0,0.0,0.0
5125,12.0,0.0,0.0
5126,12.0,0.0,0.0
5127,15.0,1.0,0.540130969703789
5128,10.0,2.0,1.5662065217803611
5129,8.0,2.0,1.7347046650488624
5130,14.0,2.0,1.8083299746603698
5131,12.0,2.0,1.831775437721665
5132,13.0,2.0,1.8428574218227582
5133,15.0,2.0,1.834579595716177
5134,7.0,2.0,1.8242485642708348
5135,11.0,2.0,1.8010271137396594
5136,19.0,2.0,1.6840600503692023
5137,19.0,1.0,0.8809259214212769
5138,13.0,0.0,0.0
5139,13.0,0.0,0.0
5140,10.0,0.0,0.0
5141,12.0,0.0,0.0
5142,6.0,0.0,0.0
5143,12.0,0.0,0.0
5144,8.0,1.0,0.9460721647511136
5145,12.0,1.0,0.9499384201059071
5146,10.0,1.0,0.953092244768882
5147,14.0,2.0,1.2048670951449876
5148,8.0,2.0,1.2216018852382287
5149,6.0,2.0,1.2265871465593323
5150,15.0,2.0,1.2237051185871417
5151,11.0,2.0,1.2209731502255647
5152,15.0,2.0,1.2224810132688646
5153,7.0,2.0,1.2200821904644537
5154,19.0,1.0,0.2699943906621166
5155,14.0,1.0,0.2598445184149737
5156,14.0,1.0,0.24228693168655224
5157,19.0,0.0,0.0
5158,11.0,0.0,0.0
5159,17.0,0.0,0.0
5160,7.0,1.0,0.4134138190834655
5161,13.0,1.0,0.42119166823549475
5162,15.0,1.0,0.4254516222573915
5163,10.0,1.0,0.4234221280706514
5164,11.0,1.0,0.4181553239656963
5165,12.0,1.0,0.42226015096957664
5166,9.0,1.0,0.4230758572500756
5167,11.0,1.0,0.4158907657918871
5168,10.0,1.0,0.418334726544138
5169,11.0,1.0,0.41808600325370937
5170,13.0,0.0,0.0
5171,12.0,0.0,0.0
5172,9.0,0.0,0.0
5173,9.0,0.0,0.0
5174,11.0,0.0,0.0
5175,13.0,1.0,0.3681267682949492
5176,12.0,1.0,0.3825706569529415
5177,10.0,1.0,0.428575679234239
5178,13.0,1.0,0.46370676907324393
5179,9.0,1.0,0.4066464856367763
5180,17.0,1.0,0.3833069350847381
5181,13.0,2.0,1.164835350873766
5182,9.0,2.0,1.1908896134767395
5183,7.0,2.0,1.1111784947005579
5184,8.0,2.0,1.063194940172311
5185,14.0,1.0,0.7557891896997834
5186,13.0,1.0,0.7543370359302249
5187,15.0,1.0,0.7537682473870845
5188,9.0,1.0,0.755156342804548
5189,15.0,1.0,0.7546593567831821
5190,9.0,1.0,0.7477014957775002
5191,15.0,0.0,0.0
5192,13.0,0.0,0.0
5193,12.0,0.0,0.0
5194,11.0,0.0,0.0
5195,12.0,0.0,0.0
5196,7.0,0.0,0.0
5197,14.0,0.0,0.0
5198,8.0,1.0,0.4367421789936983
5199,6.0,1.0,0.4474797747679114
5200,12.0,1.0,0.4626306531417177
5201,9.0,1.0,0.46837753168854906
5202,12.0,1.0,0.47169886172977127
5203,9.0,1.0,0.47149324100380474
5204,12.0,1.0,0.4681057381932511
5205,4.0,1.0,0.4650337786256455
5206,9.0,1.0,0.4541878261057434
5207,11.0,1.0,0.4459044610565149
5208,13.0,0.0,0.0
5209,10.0,1.0,0.2726473968213506
5210,17.0,2.0,1.0547720512241152
5211,9.0,2.0,1.097345328275663
5212,15.0,2.0,1.1211586050978084
5213,12.0,2.0,1.1331633878175207
5214,14.0,3.0,1.7233960146196088
5215,8.0,3.0,1.7347022369796852
5216,13.0,3.0,1.7361850994607304
5217,14.0,3.0,1.7285971084720955
5218,13.0,3.0,1.7148359409873342
5219,14.0,2.0,1.4322901321829367
5220,11.0,1.0,0.6194599792534206
5221,10.0,1.0,0.6133514187812926
5222,13.0,1.0,0.6023163585711613
5223,16.0,1.0,0.5802889047074813
5224,9.0,0.0,0.0
5225,8.0,0.0,0.0
5226,8.0,0.0,0.0
5227,13.0,0.0,0.0
5228,11.0,1.0,0.6859855210264423
5229,13.0,1.0,0.7048891633858266
5230,16.0,1.0,0.721458321028493
5231,16.0,2.0,1.3029183833070828
5232,12.0,2.0,1.3218674348020953
5233,12.0,2.0,1.3464810137129364
5234,10.0,2.0,1.3618519979107537
5235,11.0,2.0,1.3390783165216966
5236,15.0,2.0,1.2330565507110547
5237,11.0,2.0,1.0719413157166962
5238,16.0,1.0,0.6079463412929191
5239,16.0,1.0,0.5658432343867248
5240,14.0,1.0,0.5441773285476298
5241,11.0,0.0,0.0
5242,5.0,0.0,0.0
5243,12.0,1.0,0.5176891511097906
5244,17.0,1.0,0.5214067604884082
5245,15.0,1.0,0.5579263421234977
5246,11.0,1.0,0.5837216473065484
5247,25.0,1.0,0.5643545433127077
5248,9.0,1.0,0.6223778215155105
5249,8.0,1.0,0.6088289054892625
5250,10.0,1.0,0.55321788873792
5251,14.0,1.0,0.5356532876153599
5252,10.0,1.0,0.5281866391777283
5253,10.0,0.0,0.0
5254,13.0,1.0,0.5211627363714607
5255,10.0,1.0,0.5457729099250076
5256,21.0,1.0,0.5730578643450839
5257,5.0,1.0,0.5534024750127131
5258,8.0,1.0,0.5091735153959599
5259,8.0,1.0,0.5556317877314261
5260,18.0,1.0,0.6083921061997368
5261,7.0,1.0,0.5802912251721261
5262,13.0,1.0,0.5650143121431941
5263,15.0,1.0,0.5470938520699425
5264,13.0,0.0,0.0
5265,11.0,0.0,0.0
5266,11.0,0.0,0.0
5267,8.0,0.0,0.0
5268,11.0,0.0,0.0
5269,13.0,0.0,0.0
5270,11.0,0.0,0.0
5271,8.0,0.0,0.0
5272,9.0,0.0,0.0
5273,11.0,0.0,0.0
5274,11.0,0.0,0.0
5275,7.0,0.0,0.0
5276,11.0,0.0,0.0
5277,15.0,0.0,0.0
5278,9.0,0.0,0.0
5279,15.0,0.0,0.0
5280,6.0,0.0,0.0
5281,17.0,0.0,0.0
5282,17.0,0.0,0.0
5283,18.0,1.0,0.32266910288186607
5284,11.0,1.0,0.38346663694174316
5285,19.0,1.0,0.41698118759183456
5286,6.0,2.0,0.9069082777596901
5287,20.0,2.0,0.9059878914546661
5288,18.0,2.0,0.905575064087187
5289,14.0,2.0,0.9164603717975088
5290,6.0,3.0,1.3633028352013687
5291,9.0,3.0,1.3876576237135976
5292,9.0,3.0,1.3677088575328455
5293,13.0,2.0,1.0027354952913767
5294,6.0,2.0,0.9853732633530495
5295,6.0,2.0,0.9671474507795454
5296,13.0,1.0,0.5025233363207195
5297,18.0,1.0,0.5085600452219836
5298,11.0,1.0,0.49331146120445085
5299,9.0,1.0,0.4442756477325044
5300,8.0,0.0,0.0
5301,8.0,0.0,0.0
5302,4.0,0.0,0.0
5303,12.0,0.0,0.0
5304,12.0,0.0,0.0
5305,12.0,0.0,0.0
5306,14.0,1.0,1.0573615021415128
5307,11.0,1.0,1.1454554803670756
5308,9.0,2.0,1.6744267799524675
5309,15.0,2.0,1.70650346762468
5310,13.0,3.0,2.029399499873635
5311,7.0,3.0,2.032544387744094
5312,10.0,3.0,1.9966130859678324
5313,11.0,3.0,1.9533582319268283
5314,10.0,4.0,2.3262846121620435
5315,19.0,4.0,2.3545572791180516
5316,10.0,3.0,1.2269787186898802
5317,12.0,3.0,1.2225772960913672
5318,12.0,2.0,0.6693130472628139
5319,14.0,2.0,0.6561752479640202
5320,15.0,1.0,0.39755923445822905
5321,13.0,1.0,0.3892095630797353
5322,12.0,1.0,0.3024043141042154
5323,7.0,1.0,0.15922201286716822
5324,13.0,0.0,0.0
5325,13.0,0.0,0.0
5326,7.0,0.0,0.0
5327,8.0,0.0,0.0
5328,7.0,0.0,0.0
5329,16.0,0.0,0.0
5330,8.0,0.0,0.0
5331,11.0,0.0,0.0
5332,12.0,0.0,0.0
5333,18.0,0.0,0.0
5334,15.0,0.0,0.0
5335,8.0,0.0,0.0
5336,7.0,0.0,0.0
5337,15.0,0.0,0.0
5338,10.0,0.0,0.0
5339,12.0,0.0,0.0
5340,11.0,0.0,0.0
5341,14.0,1.0,0.5725226662808287
5342,13.0,1.0,0.5905176688239265
5343,7.0,1.0,0.6070947835914329
5344,7.0,1.0,0.6137415370624982
5345,10.0,1.0,0.6105043395779268
5346,15.0,1.0,0.6093115034990103
5347,13.0,1.0,0.607266486046658
5348,10.0,1.0,0.6098375522165991
5349,15.0,1.0,0.6039813453459224
5350,15.0,2.0,1.4622489263823033
5351,7.0,1.0,0.8660359174551747
5352,12.0,1.0,0.8604901326847446
5353,9.0,1.0,0.8604091085399329
5354,9.0,1.0,0.8704010713492193
5355,10.0,1.0,0.8753234554940851
5356,12.0,2.0,1.4372626995905915
5357,12.0,2.0,1.4505557363708625
5358,9.0,2.0,1.4477757280858508
5359,11.0,2.0,1.4447404959706192
5360,10.0,1.0,0.5900864410639073
5361,14.0,1.0,0.5887545183590083
5362,15.0,1.0,0.5873480271223297
5363,9.0,1.0,0.5871512732085866
5364,14.0,1.0,0.5833461477060117
5365,16.0,1.0,0.572168465141324
5366,13.0,0.0,0.0
5367,16.0,0.0,0.0
5368,9.0,0.0,0.0
5369,14.0,0.0,0.0
5370,15.0,0.0,0.0
5371,11.0,0.0,0.0
5372,14.0,0.0,0.0
5373,10.0,0.0,0.0
5374,11.0,0.0,0.0
5375,13.0,0.0,0.0
5376,13.0,0.0,0.0
5377,11.0,0.0,0.0
5378,13.0,0.0,0.0
5379,15.0,0.0,0.0
5380,14.0,1.0,0.20475148890248387
5381,12.0,1.0,0.21112600962858122
5382,12.0,1.0,0.2207839626621759
5383,14.0,1.0,0.23215853488186103
5384,12.0,1.0,0.23926128173873676
5385,9.0,1.0,0.23892890777180276
5386,8.0,1.0,0.23271069313918327
5387,21.0,1.0,0.22195987425480526
5388,13.0,2.0,0.9383080494805356
5389,12.0,2.0,0.9405568382147076
5390,12.0,1.0,0.7563808355612179
5391,10.0,1.0,0.7629509404199147
5392,13.0,1.0,0.7684249986706096
5393,15.0,1.0,0.7696452652260577
5394,10.0,1.0,0.7638178697856697
5395,7.0,1.0,0.7521857763000588
5396,12.0,1.0,0.7393937034985975
5397,11.0,1.0,0.72243881858048
5398,12.0,0.0,0.0
5399,11.0,0.0,0.0
5400,10.0,0.0,0.0
5401,17.0,0.0,0.0
5402,18.0,0.0,0.0
5403,6.0,0.0,0.0
5404,7.0,0.0,0.0
5405,9.0,0.0,0.0
5406,16.0,0.0,0.0
5407,11.0,0.0,0.0
5408,11.0,0.0,0.0
5409,18.0,0.0,0.0
5410,13.0,0.0,0.0
5411,18.0,0.0,0.0
5412,12.0,0.0,0.0
5413,12.0,0.0,0.0
5414,11.0,0.0,0.0
5415,8.0,0.0,0.0
5416,9.0,0.0,0.0
5417,10.0,0.0,0.0
5418,12.0,0.0,0.0
5419,11.0,0.0,0.0
5420,5.0,0.0,0.0
5421,22.0,0.0,0.0
5422,9.0,0.0,0.0
5423,19.0,0.0,0.0
5424,20.0,0.0,0.0
5425,16.0,0.0,0.0
5426,13.0,0.0,0.0
5427,18.0,0.0,0.0
5428,13.0,0.0,0.0
5429,18.0,0.0,0.0
5430,11.0,0.0,0.0
5431,9.0,0.0,0.0
5432,16.0,0.0,0.0
5433,10.0,0.0,0.0
5434,13.0,0.0,0.0
5435,14.0,0.0,0.0
5436,14.0,0.0,0.0
5437,12.0,0.0,0.0
5438,19.0,0.0,0.0
5439,12.0,1.0,0.38143515624043645
5440,8.0,1.0,0.49229849946825033
5441,12.0,1.0,0.5948998324965783
5442,9.0,1.0,0.5150016517812875
5443,13.0,1.0,0.6102348597032772
5444,5.0,1.0,0.611607688422212
5445,10.0,1.0,0.6228219793029404
5446,10.0,1.0,0.5658782886628353
5447,9.0,1.0,0.49202341852863807
5448,12.0,1.0,0.4783310246686051
5449,12.0,0.0,0.0
5450,13.0,0.0,0.0
5451,9.0,0.0,0.0
5452,10.0,0.0,0.0
5453,12.0,1.0,1.2162863512985294
5454,14.0,1.0,1.372165626102296
5455,12.0,1.0,1.430555625707034
5456,11.0,1.0,1.4319583112923466
5457,10.0,1.0,1.4094475508047177
5458,10.0,1.0,1.423970203533378
5459,14.0,1.0,1.4438378895469273
5460,10.0,1.0,1.4315206045965867
5461,10.0,1.0,1.357577437103869
5462,11.0,1.0,1.2344682852777937
5463,12.0,2.0,1.0371247798115462
5464,12.0,2.0,1.1467921190171044
5465,13.0,2.0,1.1734634699866762
5466,11.0,2.0,1.2005596583983809
5467,12.0,2.0,1.1742261771529874
5468,21.0,2.0,1.1631129836917833
5469,9.0,2.0,1.1964312280658913
5470,9.0,2.0,1.1954966496056076
5471,10.0,2.0,1.1869192067686247
5472,14.0,2.0,1.147747664108662
5473,14.0,0.0,0.0
5474,11.0,0.0,0.0
5475,12.0,0.0,0.0
5476,14.0,0.0,0.0
5477,11.0,0.0,0.0
5478,16.0,0.0,0.0
5479,9.0,0.0,0.0
5480,12.0,0.0,0.0
5481,17.0,0.0,0.0
5482,15.0,0.0,0.0
5483,14.0,0.0,0.0
5484,9.0,0.0,0.0
5485,10.0,0.0,0.0
5486,13.0,0.0,0.0
5487,15.0,0.0,0.0
5488,17.0,0.0,0.0
5489,14.0,0.0,0.0
5490,13.0,0.0,0.0
5491,10.0,0.0,0.0
5492,8.0,1.0,0.5661024455846634
5493,3.0,1.0,0.5828108260767842
5494,9.0,1.0,0.6105793387072199
5495,18.0,1.0,0.6330961855022045
5496,10.0,1.0,0.6395783838961611
5497,11.0,1.0,0.6277112416282502
5498,13.0,1.0,0.6034679895462072
5499,10.0,1.0,0.5865660444499836
5500,6.0,1.0,0.6158323426228598
5501,13.0,1.0,0.635741770370569
5502,16.0,0.0,0.0
5503,13.0,0.0,0.0
5504,9.0,0.0,0.0
5505,14.0,0.0,0.0
5506,12.0,0.0,0.0
5507,7.0,0.0,0.0
5508,15.0,0.0,0.0
5509,13.0,0.0,0.0
5510,10.0,0.0,0.0
5511,14.0,0.0,0.0
5512,10.0,0.0,0.0
5513,19.0,0.0,0.0
5514,9.0,0.0,0.0
5515,8.0,0.0,0.0
5516,13.0,0.0,0.0
5517,6.0,0.0,0.0
5518,9.0,0.0,0.0
5519,12.0,0.0,0.0
5520,10.0,0.0,0.0
5521,9.0,0.0,0.0
5522,8.0,0.0,0.0
5523,4.0,0.0,0.0
5524,8.0,0.0,0.0
5525,15.0,0.0,0.0
5526,14.0,0.0,0.0
5527,12.0,0.0,0.0
5528,5.0,0.0,0.0
5529,17.0,0.0,0.0
5530,16.0,0.0,0.0
5531,12.0,0.0,0.0
5532,16.0,0.0,0.0
5533,13.0,0.0,0.0
5534,7.0,0.0,0.0
5535,14.0,1.0,0.33994337738858926
5536,18.0,1.0,0.4003770969404623
5537,10.0,1.0,0.4115676440249344
5538,14.0,1.0,0.4074837350524837
5539,16.0,1.0,0.4075917791266576
5540,16.0,1.0,0.41508701543108567
5541,19.0,2.0,0.9102776365531714
5542,14.0,2.0,0.9326312119644156
5543,14.0,2.0,0.9288027344585001
5544,10.0,2.0,0.9048279031768096
5545,7.0,1.0,0.5320969586096741
5546,16.0,1.0,0.5306831618242165
5547,15.0,1.0,0.5307807433077149
5548,9.0,1.0,0.5300210466051953
5549,9.0,1.0,0.5211291979406967
5550,15.0,1.0,0.4985361622868611
5551,3.0,0.0,0.0
5552,11.0,0.0,0.0
5553,8.0,0.0,0.0
5554,10.0,0.0,0.0
5555,13.0,0.0,0.0
5556,11.0,0.0,0.0
5557,10.0,0.0,0.0
5558,10.0,0.0,0.0
5559,12.0,0.0,0.0
5560,6.0,0.0,0.0
5561,11.0,0.0,0.0
5562,9.0,0.0,0.0
5563,13.0,0.0,0.0
5564,11.0,0.0,0.0
5565,14.0,0.0,0.0
5566,7.0,0.0,0.0
5567,9.0,0.0,0.0
5568,12.0,0.0,0.0
5569,11.0,0.0,0.0
5570,11.0,0.0,0.0
5571,9.0,0.0,0.0
5572,11.0,0.0,0.0
5573,13.0,1.0,0.9112807817796726
5574,6.0,1.0,0.915997078951232
5575,23.0,1.0,0.9215445158900298
5576,6.0,1.0,0.9343333028444651
5577,14.0,1.0,0.947824770040549
5578,10.0,1.0,0.9512369529716985
5579,10.0,1.0,0.946570432578497
5580,13.0,1.0,0.9377335508095853
5581,9.0,1.0,0.9263852673332291
5582,8.0,1.0,0.9089623118827818
5583,17.0,0.0,0.0
5584,15.0,0.0,0.0
5585,13.0,0.0,0.0
5586,17.0,0.0,0.0
5587,13.0,0.0,0.0
5588,7.0,0.0,0.0
5589,13.0,0.0,0.0
5590,7.0,0.0,0.0
5591,8.0,0.0,0.0
5592,16.0,0.0,0.0
5593,15.0,0.0,0.0
5594,12.0,0.0,0.0
5595,14.0,0.0,0.0
5596,20.0,0.0,0.0
5597,13.0,0.0,0.0
5598,14.0,1.0,0.9905827936449222
5599,11.0,1.0,1.00837658469633
5600,12.0,1.0,1.0259720764726854
5601,14.0,1.0,1.0419277381259047
5602,14.0,1.0,1.0525297692989466
5603,10.0,1.0,1.0571984448610106
5604,11.0,1.0,1.0442335351425867
5605,8.0,1.0,1.0143623648355722
5606,15.0,1.0,0.9928093797764577
5607,12.0,1.0,0.9836860693968378
5608,12.0,0.0,0.0
5609,15.0,0.0,0.0
5610,13.0,0.0,0.0
5611,6.0,0.0,0.0
5612,9.0,0.0,0.0
5613,14.0,0.0,0.0
5614,12.0,0.0,0.0
5615,9.0,0.0,0.0
5616,10.0,0.0,0.0
5617,9.0,0.0,0.0
5618,7.0,0.0,0.0
5619,9.0,0.0,0.0
5620,13.0,0.0,0.0
5621,8.0,0.0,0.0
5622,12.0,0.0,0.0
5623,17.0,0.0,0.0
5624,12.0,0.0,0.0
5625,11.0,0.0,0.0
5626,9.0,1.0,0.9694664229466122
5627,12.0,1.0,0.9661222860996075
5628,11.0,1.0,0.9670526935952649
5629,17.0,1.0,0.9854123439059318
5630,14.0,1.0,0.9954209813361343
5631,13.0,1.0,0.993169656260485
5632,16.0,1.0,0.9901746377668461
5633,11.0,1.0,0.9926439861582702
5634,16.0,1.0,0.9868474688033498
5635,14.0,2.0,1.2287486021323495
5636,14.0,1.0,0.3159873611811256
5637,10.0,1.0,0.3779861936658807
5638,11.0,1.0,0.40173040485592126
5639,17.0,1.0,0.40337378465382995
5640,17.0,1.0,0.4006463401685962
5641,11.0,1.0,0.3999571153016189
5642,11.0,1.0,0.38688466410198885
5643,9.0,1.0,0.36027629365653246
5644,12.0,1.0,0.3789934858611567
5645,15.0,0.0,0.0
5646,11.0,0.0,0.0
5647,14.0,0.0,0.0
5648,9.0,0.0,0.0
5649,8.0,0.0,0.0
5650,14.0,0.0,0.0
5651,16.0,0.0,0.0
5652,9.0,0.0,0.0
5653,12.0,0.0,0.0
5654,10.0,0.0,0.0
5655,9.0,0.0,0.0
5656,14.0,0.0,0.0
5657,11.0,0.0,0.0
5658,10.0,0.0,0.0
5659,13.0,0.0,0.0
5660,11.0,0.0,0.0
5661,14.0,0.0,0.0
5662,17.0,0.0,0.0
5663,20.0,0.0,0.0
5664,12.0,0.0,0.0
5665,11.0,0.0,0.0
5666,8.0,0.0,0.0
5667,12.0,0.0,0.0
5668,14.0,0.0,0.0
5669,11.0,0.0,0.0
5670,10.0,0.0,0.0
5671,14.0,0.0,0.0
5672,9.0,0.0,0.0
5673,9.0,0.0,0.0
5674,12.0,0.0,0.0
5675,17.0,0.0,0.0
5676,8.0,0.0,0.0
5677,11.0,0.0,0.0
5678,7.0,0.0,0.0
5679,8.0,0.0,0.0
5680,13.0,0.0,0.0
5681,12.0,1.0,0.55090127966217
5682,13.0,1.0,0.5796234090956338
5683,12.0,1.0,0.6016947920906324
5684,15.0,1.0,0.6285529801698139
5685,10.0,1.0,0.6628894981408996
5686,11.0,2.0,0.9228837647080657
5687,8.0,2.0,0.8759922955336876
5688,14.0,2.0,0.8751527592724653
5689,13.0,2.0,0.9053393855723464
5690,7.0,2.0,0.9204752201613571
5691,18.0,1.0,0.32615437502934685
5692,13.0,1.0,0.29331807544503763
5693,12.0,1.0,0.23378061270877132
5694,16.0,1.0,0.18003532416745607
5695,16.0,1.0,0.1552833700330243
5696,13.0,0.0,0.0
5697,14.0,0.0,0.0
5698,4.0,0.0,0.0
5699,12.0,0.0,0.0
5700,10.0,0.0,0.0
5701,11.0,0.0,0.0
5702,11.0,0.0,0.0
5703,11.0,0.0,0.0
5704,9.0,0.0,0.0
5705,9.0,0.0,0.0
5706,14.0,0.0,0.0
5707,12.0,0.0,0.0
5708,12.0,0.0,0.0
5709,17.0,0.0,0.0
5710,7.0,0.0,0.0
5711,5.0,0.0,0.0
5712,9.0,0.0,0.0
5713,9.0,0.0,0.0
5714,15.0,0.0,0.0
5715,6.0,0.0,0.0
5716,14.0,0.0,0.0
5717,18.0,0.0,0.0
5718,15.0,0.0,0.0
5719,14.0,0.0,0.0
5720,10.0,0.0,0.0
5721,10.0,0.0,0.0
5722,9.0,0.0,0.0
5723,11.0,0.0,0.0
5724,19.0,0.0,0.0
5725,7.0,0.0,0.0
5726,14.0,0.0,0.0
5727,13.0,0.0,0.0
5728,11.0,0.0,0.0
5729,10.0,0.0,0.0
5730,10.0,1.0,0.4653424972676414
5731,13.0,1.0,0.49387895414392546
5732,13.0,1.0,0.4905990317300379
5733,17.0,1.0,0.5121105007266289
5734,17.0,2.0,1.0718679314015622
5735,13.0,2.0,1.1007084740435151
5736,6.0,3.0,1.396120034504971
5737,11.0,3.0,1.4111193201932797
5738,15.0,3.0,1.3975035675544836
5739,15.0,3.0,1.3939127918447647
5740,12.0,2.0,0.9136695817331439
5741,8.0,2.0,0.8909223042896902
5742,7.0,2.0,0.8415757573298188
5743,13.0,2.0,0.7926030984424851
5744,10.0,1.0,0.16174529546473018
5745,12.0,1.0,0.12145522226491777
5746,10.0,1.0,0.16351810883785237
5747,10.0,1.0,0.17904174310910656
5748,10.0,1.0,0.2169070148570746
5749,8.0,1.0,0.24429234567558566
5750,9.0,1.0,0.26185659779003695
5751,12.0,1.0,0.26407917101677425
5752,7.0,1.0,0.2598871958337571
5753,15.0,1.0,0.24955542693081872
5754,14.0,1.0,0.24788203664046235
5755,16.0,1.0,0.2425640805866178
5756,10.0,0.0,0.0
5757,16.0,0.0,0.0
5758,12.0,0.0,0.0
5759,12.0,0.0,0.0
5760,19.0,0.0,0.0
5761,7.0,0.0,0.0
5762,7.0,0.0,0.0
5763,8.0,0.0,0.0
5764,10.0,0.0,0.0
5765,17.0,0.0,0.0
5766,11.0,0.0,0.0
5767,13.0,0.0,0.0
5768,16.0,0.0,0.0
5769,11.0,0.0,0.0
5770,9.0,0.0,0.0
5771,11.0,0.0,0.0
5772,17.0,0.0,0.0
5773,14.0,0.0,0.0
5774,8.0,0.0,0.0
5775,17.0,0.0,0.0
5776,15.0,0.0,0.0
5777,7.0,0.0,0.0
5778,11.0,0.0,0.0
5779,9.0,0.0,0.0
5780,11.0,0.0,0.0
5781,10.0,0.0,0.0
5782,11.0,0.0,0.0
5783,13.0,0.0,0.0
5784,12.0,0.0,0.0
5785,6.0,0.0,0.0
5786,14.0,0.0,0.0
5787,7.0,0.0,0.0
5788,12.0,0.0,0.0
5789,13.0,0.0,0.0
5790,10.0,0.0,0.0
5791,18.0,0.0,0.0
5792,16.0,0.0,0.0
5793,13.0,0.0,0.0
5794,13.0,0.0,0.0
5795,14.0,0.0,0.0
5796,13.0,0.0,0.0
5797,14.0,0.0,0.0
5798,14.0,0.0,0.0
5799,9.0,0.0,0.0
5800,14.0,0.0,0.0
5801,9.0,0.0,0.0
5802,12.0,0.0,0.0
5803,16.0,0.0,0.0
5804,18.0,0.0,0.0
5805,16.0,0.0,0.0
5806,4.0,0.0,0.0
5807,10.0,0.0,0.0
5808,12.0,0.0,0.0
5809,16.0,0.0,0.0
5810,11.0,0.0,0.0
5811,9.0,0.0,0.0
5812,5.0,0.0,0.0
5813,22.0,0.0,0.0
5814,10.0,0.0,0.0
5815,14.0,0.0,0.0
5816,9.0,0.0,0.0
5817,11.0,0.0,0.0
5818,9.0,1.0,0.6057451331076555
5819,4.0,1.0,0.6151489118265546
5820,11.0,1.0,0.6218790850295621
5821,11.0,1.0,0.6234682513711722
5822,12.0,1.0,0.6257554727123418
5823,13.0,1.0,0.6222281414119147
5824,11.0,1.0,0.6159921249956349
5825,11.0,1.0,0.5589240331673089
5826,9.0,1.0,0.4860255120509531
5827,17.0,1.0,0.43974260285707995
5828,11.0,0.0,0.0
5829,15.0,0.0,0.0
5830,14.0,0.0,0.0
5831,13.0,0.0,0.0
5832,10.0,0.0,0.0
5833,13.0,0.0,0.0
5834,7.0,0.0,0.0
5835,16.0,0.0,0.0
5836,7.0,0.0,0.0
5837,10.0,0.0,0.0
5838,17.0,0.0,0.0
5839,10.0,0.0,0.0
5840,13.0,0.0,0.0
5841,8.0,0.0,0.0
5842,14.0,0.0,0.0
5843,9.0,0.0,0.0
5844,15.0,0.0,0.0
5845,9.0,0.0,0.0
5846,8.0,0.0,0.0
5847,9.0,1.0,0.6073008642662645
5848,10.0,1.0,0.5646783402180803
5849,11.0,1.0,0.5411451875931779
5850,9.0,1.0,0.5401749670430009
5851,8.0,1.0,0.5746685509119772
5852,14.0,1.0,0.6282984897416233
5853,15.0,1.0,0.5493672822273782
5854,11.0,1.0,0.5023987406569088
5855,10.0,2.0,0.7353146560624549
5856,21.0,2.0,0.7697075021187808
5857,12.0,1.0,0.2912258051069138
5858,10.0,1.0,0.30388564336115853
5859,9.0,1.0,0.30728919957563433
5860,14.0,1.0,0.3041230447579424
5861,9.0,1.0,0.2988729157286895
5862,14.0,1.0,0.2939791928453656
5863,13.0,1.0,0.2901277913074619
5864,12.0,1.0,0.28774193008015936
5865,9.0,0.0,0.0
5866,8.0,0.0,0.0
5867,11.0,0.0,0.0
5868,20.0,0.0,0.0
5869,16.0,0.0,0.0
5870,18.0,0.0,0.0
5871,11.0,0.0,0.0
5872,12.0,0.0,0.0
5873,9.0,0.0,0.0
5874,10.0,0.0,0.0
5875,17.0,0.0,0.0
5876,13.0,0.0,0.0
5877,19.0,0.0,0.0
5878,10.0,0.0,0.0
5879,5.0,1.0,1.057773365620955
5880,19.0,1.0,1.0555537605090919
5881,10.0,1.0,1.0696016317185488
5882,19.0,1.0,1.1004808975835436
5883,16.0,1.0,1.1124733871340635
5884,7.0,1.0,1.0569794225882592
5885,10.0,1.0,1.0294788998438622
5886,7.0,1.0,1.0686500524787466
5887,12.0,1.0,1.09506846467499
5888,6.0,1.0,1.0945945228800167
5889,12.0,0.0,0.0
5890,13.0,0.0,0.0
5891,11.0,0.0,0.0
5892,12.0,0.0,0.0
5893,11.0,0.0,0.0
5894,10.0,0.0,0.0
5895,9.0,0.0,0.0
5896,14.0,0.0,0.0
5897,10.0,0.0,0.0
5898,9.0,0.0,0.0
5899,15.0,0.0,0.0
5900,25.0,0.0,0.0
5901,14.0,0.0,0.0
5902,12.0,0.0,0.0
5903,12.0,0.0,0.0
5904,19.0,0.0,0.0
5905,12.0,0.0,0.0
5906,14.0,0.0,0.0
5907,18.0,1.0,0.42067061572337505
5908,13.0,1.0,0.48952458994095316
5909,12.0,1.0,0.5094459389894156
5910,12.0,1.0,0.5170007025882434
5911,6.0,1.0,0.5262270305296618
5912,10.0,1.0,0.5284008655126391
5913,14.0,1.0,0.5060063436368248
5914,11.0,1.0,0.46807121548188957
5915,6.0,1.0,0.45716964380110897
5916,10.0,1.0,0.501358870866739
5917,13.0,0.0,0.0
5918,8.0,0.0,0.0
5919,9.0,0.0,0.0
5920,10.0,0.0,0.0
5921,10.0,0.0,0.0
5922,12.0,0.0,0.0
5923,11.0,0.0,0.0
5924,12.0,0.0,0.0
5925,6.0,1.0,1.0787973803804847
5926,13.0,1.0,1.1177884087246697
5927,12.0,1.0,1.1452212544873328
5928,10.0,1.0,1.1615910012772783
5929,14.0,1.0,1.1685333270543725
5930,11.0,1.0,1.1411529789949986
5931,16.0,1.0,1.1103497222131344
5932,18.0,1.0,1.0844943592346608
5933,16.0,1.0,1.08794329427761
5934,13.0,1.0,1.1334930115724418
5935,9.0,0.0,0.0
5936,10.0,0.0,0.0
5937,7.0,0.0,0.0
5938,16.0,0.0,0.0
5939,11.0,0.0,0.0
5940,11.0,0.0,0.0
5941,6.0,0.0,0.0
5942,11.0,0.0,0.0
5943,15.0,0.0,0.0
5944,7.0,0.0,0.0
5945,12.0,0.0,0.0
5946,9.0,0.0,0.0
5947,16.0,0.0,0.0
5948,12.0,0.0,0.0
5949,11.0,0.0,0.0
5950,11.0,0.0,0.0
5951,9.0,0.0,0.0
5952,11.0,0.0,0.0
5953,11.0,0.0,0.0
5954,13.0,0.0,0.0
5955,9.0,0.0,0.0
5956,16.0,1.0,0.20253430423197052
5957,15.0,1.0,0.2113895173528081
5958,10.0,1.0,0.22553558641168756
5959,8.0,1.0,0.23465017816314376
5960,12.0,1.0,0.23591512136139953
5961,9.0,1.0,0.23325832854357467
5962,12.0,1.0,0.22856945301930667
5963,8.0,1.0,0.22388894956737204
5964,11.0,1.0,0.22436065164513672
5965,12.0,1.0,0.2281092008969753
5966,13.0,0.0,0.0
5967,17.0,0.0,0.0
5968,13.0,0.0,0.0
5969,11.0,0.0,0.0
5970,7.0,0.0,0.0
5971,16.0,0.0,0.0
5972,12.0,0.0,0.0
5973,21.0,0.0,0.0
5974,7.0,0.0,0.0
5975,11.0,0.0,0.0
5976,16.0,0.0,0.0
5977,8.0,0.0,0.0
5978,5.0,1.0,0.4353057131431972
5979,10.0,1.0,0.39393837383614
5980,7.0,1.0,0.3830949651869077
5981,15.0,1.0,0.4295656189256767
5982,17.0,1.0,0.4499661968482176
5983,13.0,1.0,0.461668613698485
5984,12.0,1.0,0.4628270568801521
5985,18.0,1.0,0.4557626016023181
5986,15.0,1.0,0.45206289464981547
5987,14.0,1.0,0.45625942841303385
5988,11.0,0.0,0.0
5989,10.0,0.0,0.0
5990,2.0,0.0,0.0
5991,14.0,0.0,0.0
5992,9.0,0.0,0.0
5993,13.0,0.0,0.0
5994,14.0,0.0,0.0
5995,12.0,0.0,0.0
5996,8.0,0.0,0.0
5997,13.0,0.0,0.0
5998,12.0,0.0,0.0
5999,8.0,0.0,0.0
6000,10.0,0.0,0.0
6001,13.0,0.0,0.0
6002,7.0,0.0,0.0
6003,16.0,0.0,0.0
6004,9.0,0.0,0.0
6005,16.0,0.0,0.0
6006,10.0,0.0,0.0
6007,12.0,0.0,0.0
6008,4.0,0.0,0.0
6009,10.0,0.0,0.0
6010,13.0,1.0,0.34511865068600683
6011,5.0,1.0,0.4905232846601596
6012,11.0,1.0,0.5241668533297982
6013,10.0,1.0,0.5330236710225605
6014,16.0,1.0,0.5323656556766475
6015,15.0,1.0,0.5155985678842894
6016,13.0,1.0,0.5135570910260568
6017,11.0,1.0,0.5213525717200415
6018,21.0,1.0,0.5230565934996767
6019,10.0,1.0,0.5239750259025716
6020,7.0,0.0,0.0
6021,9.0,0.0,0.0
6022,11.0,0.0,0.0
6023,8.0,0.0,0.0
6024,12.0,0.0,0.0
6025,10.0,0.0,0.0
6026,8.0,0.0,0.0
6027,12.0,0.0,0.0
6028,6.0,0.0,0.0
6029,14.0,0.0,0.0
6030,17.0,1.0,0.4241808361601009
6031,13.0,1.0,0.43045115958132757
6032,11.0,1.0,0.43298748853078894
6033,10.0,1.0,0.4345511764886231
6034,13.0,1.0,0.43847526550698734
6035,20.0,1.0,0.4487407139722538
6036,13.0,1.0,0.43414674685126015
6037,12.0,1.0,0.3495881631256998
6038,12.0,1.0,0.30932612531084874
6039,10.0,1.0,0.3129546431184141
6040,20.0,0.0,0.0
6041,12.0,0.0,0.0
6042,12.0,0.0,0.0
6043,13.0,0.0,0.0
6044,12.0,0.0,0.0
6045,7.0,0.0,0.0
6046,9.0,0.0,0.0
6047,19.0,0.0,0.0
6048,13.0,0.0,0.0
6049,16.0,0.0,0.0
6050,11.0,1.0,0.4885594705001017
6051,10.0,1.0,0.4979372191241507
6052,14.0,1.0,0.4950818498829296
6053,9.0,1.0,0.5025937317662342
6054,15.0,1.0,0.5171008574371971
6055,15.0,1.0,0.5299699271973373
6056,10.0,2.0,1.4949806550742348
6057,10.0,2.0,1.4653657780410076
6058,8.0,2.0,1.4757237401286523
6059,8.0,2.0,1.4857258037816525
6060,15.0,1.0,0.9906831713717876
6061,13.0,1.0,0.9902075676216938
6062,10.0,1.0,0.9900715095098748
6063,12.0,1.0,0.9900767693041076
6064,11.0,1.0,0.9915340010924727
6065,9.0,1.0,0.9737214385369715
6066,9.0,0.0,0.0
6067,14.0,0.0,0.0
6068,10.0,0.0,0.0
6069,13.0,0.0,0.0
6070,16.0,0.0,0.0
6071,8.0,0.0,0.0
6072,11.0,0.0,0.0
6073,12.0,0.0,0.0
6074,12.0,0.0,0.0
6075,15.0,0.0,0.0
6076,12.0,1.0,0.8368014548672907
6077,9.0,1.0,0.8132653957576209
6078,14.0,2.0,1.2601288174785723
6079,7.0,2.0,1.1666116260495376
6080,7.0,2.0,1.7082086730675763
6081,12.0,2.0,1.796184984906258
6082,7.0,2.0,1.8169337562972947
6083,16.0,2.0,1.8210125059721962
6084,14.0,2.0,1.8299259242225878
6085,18.0,2.0,1.8094347492812735
6086,11.0,1.0,0.8290638527235745
6087,19.0,1.0,0.7491707197409541
6088,11.0,0.0,0.0
6089,10.0,0.0,0.0
6090,13.0,1.0,0.42884334784658784
6091,17.0,1.0,0.6128064653409436
6092,7.0,1.0,0.6344597596956237
6093,5.0,1.0,0.6350755347437786
6094,10.0,1.0,0.6449767569253073
6095,18.0,1.0,0.6632239206433163
6096,18.0,1.0,0.6393142478378352
6097,12.0,1.0,0.5839447104243581
6098,9.0,1.0,0.5243014288616566
6099,13.0,1.0,0.4290879417181682
6100,10.0,0.0,0.0
6101,11.0,0.0,0.0
6102,15.0,0.0,0.0
6103,8.0,0.0,0.0
6104,16.0,0.0,0.0
6105,13.0,0.0,0.0
6106,11.0,0.0,0.0
6107,13.0,0.0,0.0
6108,10.0,0.0,0.0
6109,11.0,0.0,0.0
6110,14.0,0.0,0.0
6111,13.0,0.0,0.0
6112,12.0,0.0,0.0
6113,5.0,0.0,0.0
6114,9.0,0.0,0.0
6115,10.0,0.0,0.0
6116,10.0,0.0,0.0
6117,16.0,0.0,0.0
6118,10.0,0.0,0.0
6119,14.0,0.0,0.0
6120,9.0,0.0,0.0
6121,8.0,0.0,0.0
6122,5.0,0.0,0.0
6123,10.0,0.0,0.0
6124,8.0,0.0,0.0
6125,6.0,0.0,0.0
6126,12.0,0.0,0.0
6127,10.0,0.0,0.0
6128,10.0,0.0,0.0
6129,17.0,0.0,0.0
6130,12.0,0.0,0.0
6131,6.0,0.0,0.0
6132,8.0,0.0,0.0
6133,6.0,0.0,0.0
6134,14.0,1.0,0.7119045876865153
6135,12.0,1.0,0.9598848049480917
6136,12.0,1.0,1.092187488067019
6137,15.0,3.0,1.899632243204203
6138,13.0,3.0,1.997433424641188
6139,15.0,4.0,2.812605621053767
6140,11.0,4.0,2.968720793068673
6141,23.0,4.0,2.6408619779103164
6142,14.0,4.0,2.0780783543858092
6143,10.0,4.0,2.010544152482211
6144,17.0,3.0,1.5752236622865188
6145,10.0,3.0,1.6718769389666597
6146,11.0,3.0,1.6204308809207875
6147,17.0,2.0,1.4854772956544218
6148,5.0,3.0,2.2221359992682683
6149,9.0,2.0,1.6653994998444606
6150,10.0,2.0,1.6888989218732835
6151,14.0,2.0,1.7267318473388018
6152,11.0,2.0,1.764786756665826
6153,14.0,2.0,1.6018610444514856
6154,11.0,2.0,1.4548573239555729
6155,10.0,3.0,1.6948895607324623
6156,13.0,3.0,1.6067827231436
6157,8.0,3.0,1.2727064164498703
6158,7.0,5.0,2.559771896673267
6159,13.0,5.0,2.965405269527516
6160,11.0,5.0,3.14587704556138
6161,15.0,7.0,4.276645586906357
6162,11.0,7.0,4.274093319435665
6163,12.0,7.0,4.19532916959505
6164,10.0,7.0,4.14692553043194
6165,13.0,6.0,3.9620970135350246
6166,6.0,6.0,3.79436615620426
6167,13.0,5.0,2.7427376719255836
6168,17.0,2.0,0.9742189572444485
6169,12.0,3.0,0.9526806916932746
6170,8.0,3.0,1.3477351000353734
6171,15.0,2.0,0.7983298804951714
6172,13.0,2.0,0.9321762120146928
6173,16.0,2.0,1.0122743688740352
6174,12.0,2.0,1.0739966987497354
6175,12.0,2.0,1.040555497464266
6176,12.0,2.0,0.8897860954252551
6177,14.0,2.0,0.7256272710929603
6178,14.0,2.0,0.5136479013575941
6179,9.0,1.0,0.23212897227166182
6180,11.0,1.0,0.14108485779206234
6181,15.0,0.0,0.0
6182,21.0,0.0,0.0
6183,9.0,0.0,0.0
6184,7.0,0.0,0.0
6185,14.0,1.0,0.4053156211517193
6186,14.0,1.0,0.4912191058879172
6187,10.0,1.0,0.5513116193589703
6188,11.0,1.0,0.5896742216480685
6189,16.0,1.0,0.603094549672635
6190,13.0,1.0,0.5982639998411259
6191,10.0,1.0,0.5711115441521514
6192,16.0,1.0,0.5368153873458519
6193,12.0,1.0,0.5136503509563359
6194,11.0,1.0,0.45872664539954033
6195,7.0,0.0,0.0
6196,11.0,0.0,0.0
6197,10.0,0.0,0.0
6198,11.0,0.0,0.0
6199,11.0,0.0,0.0
6200,14.0,0.0,0.0
6201,10.0,0.0,0.0
6202,11.0,0.0,0.0
6203,12.0,0.0,0.0
6204,10.0,0.0,0.0
6205,10.0,0.0,0.0
6206,11.0,0.0,0.0
6207,17.0,0.0,0.0
6208,13.0,0.0,0.0
6209,14.0,0.0,0.0
6210,8.0,0.0,0.0
6211,24.0,0.0,0.0
6212,12.0,0.0,0.0
6213,10.0,0.0,0.0
6214,9.0,1.0,0.46933558751550075
6215,11.0,2.0,0.929885769734914
6216,9.0,2.0,0.9377281968920197
6217,10.0,2.0,0.9368588390716854
6218,9.0,2.0,0.9428392994675212
6219,7.0,2.0,0.9364145218512072
6220,16.0,2.0,0.9218734933069398
6221,12.0,2.0,0.9237686329435738
6222,11.0,2.0,0.916924708038528
6223,17.0,2.0,0.8475969160044445
6224,7.0,1.0,0.42268621048775323
6225,11.0,0.0,0.0
6226,11.0,0.0,0.0
6227,10.0,0.0,0.0
6228,9.0,0.0,0.0
6229,10.0,0.0,0.0
6230,18.0,0.0,0.0
6231,9.0,0.0,0.0
6232,11.0,0.0,0.0
6233,11.0,1.0,0.6006674580019087
6234,6.0,1.0,0.6121957480666265
6235,16.0,1.0,0.6259555992566523
6236,15.0,1.0,0.6412045524939952
6237,14.0,1.0,0.6504856735015696
6238,16.0,1.0,0.6476458417855572
6239,8.0,1.0,0.6225079769616598
6240,10.0,1.0,0.5998299374957594
6241,7.0,1.0,0.5906415015556532
6242,14.0,1.0,0.4964638687606069
6243,16.0,0.0,0.0
6244,11.0,0.0,0.0
6245,12.0,0.0,0.0
6246,14.0,0.0,0.0
6247,12.0,0.0,0.0
6248,13.0,0.0,0.0
6249,9.0,0.0,0.0
6250,17.0,0.0,0.0
6251,14.0,0.0,0.0
6252,13.0,0.0,0.0
6253,12.0,0.0,0.0
6254,11.0,0.0,0.0
6255,8.0,0.0,0.0
6256,11.0,0.0,0.0
6257,5.0,1.0,0.48236904335877917
6258,10.0,1.0,0.5119627731866796
6259,9.0,1.0,0.5605213669325985
6260,17.0,1.0,0.599077405944148
6261,10.0,1.0,0.6045196346714163
6262,16.0,1.0,0.5895430946272406
6263,17.0,1.0,0.5749871182820053
6264,10.0,1.0,0.5709361817487422
6265,11.0,1.0,0.5716724293467468
6266,11.0,2.0,0.786013575525725
6267,17.0,1.0,0.2347947239989361
6268,11.0,1.0,0.25258504545150245
6269,12.0,1.0,0.26307793723551237
6270,13.0,1.0,0.26102448482368673
6271,19.0,1.0,0.25812435889802143
6272,11.0,1.0,0.2575309988738268
6273,12.0,1.0,0.25079009175198236
6274,10.0,1.0,0.2291441428850678
6275,10.0,1.0,0.21122052313883746
6276,10.0,0.0,0.0
6277,11.0,0.0,0.0
6278,8.0,0.0,0.0
6279,14.0,0.0,0.0
6280,13.0,0.0,0.0
6281,8.0,0.0,0.0
6282,9.0,0.0,0.0
6283,12.0,0.0,0.0
6284,15.0,1.0,0.6165332641560962
6285,8.0,1.0,0.7032163924782409
6286,16.0,3.0,2.3563918744983297
6287,10.0,4.0,3.0184867883327304
6288,8.0,4.0,2.9948343708165783
6289,4.0,4.0,3.1305372616249825
6290,8.0,4.0,3.303859522028994
6291,11.0,5.0,3.5093977735305195
6292,8.0,6.0,3.988045017012121
6293,13.0,6.0,3.957735965465196
6294,9.0,6.0,3.514704070406005
6295,14.0,6.0,3.196988201788299
6296,12.0,7.0,4.42346090372177
6297,19.0,6.0,4.139322243821533
6298,7.0,8.0,5.622611876427664
6299,16.0,10.0,7.1860778793175974
6300,14.0,12.0,8.817918601137688
6301,13.0,11.0,8.21886234735133
6302,13.0,10.0,8.038044587771287
6303,13.0,11.0,8.809171556680134
6304,14.0,10.0,7.8838012972863885
6305,12.0,11.0,8.010074236152413
6306,17.0,9.0,6.27932734290838
6307,11.0,9.0,6.610576591079334
6308,6.0,8.0,5.717196103985905
6309,9.0,6.0,4.4014764904778625
6310,11.0,6.0,4.434991164834054
6311,10.0,7.0,5.696150584007378
6312,7.0,7.0,5.309370499414564
6313,15.0,7.0,5.368313941503544
6314,6.0,7.0,5.5542468374697735
6315,8.0,7.0,6.152424354936479
6316,15.0,6.0,5.441698701917782
6317,6.0,7.0,5.957455970259973
6318,10.0,8.0,6.887698564197066
6319,11.0,10.0,8.12389095248052
6320,8.0,10.0,7.344344732109255
6321,12.0,11.0,8.788475036332457
6322,14.0,15.0,11.404157228551016
6323,13.0,14.0,11.019601656803266
6324,13.0,16.0,13.076849333510594
6325,8.0,16.0,13.407010549740026
6326,16.0,18.0,15.237244849665704
6327,11.0,18.0,15.3404147971281
6328,13.0,16.0,13.570387226748297
6329,10.0,15.0,12.27985108278242
6330,16.0,13.0,10.538991711257127
6331,14.0,12.0,9.106790451310808
6332,9.0,8.0,6.970258839286399
6333,16.0,10.0,8.104544940402743
6334,15.0,10.0,8.372668585281206
6335,8.0,9.0,7.177059859747826
6336,14.0,10.0,7.081384080884615
6337,11.0,10.0,7.2364982196302226
6338,10.0,10.0,7.911685193937072
6339,11.0,11.0,8.975998920547715
6340,15.0,11.0,8.769045865148358
6341,12.0,10.0,7.729291211803659
6342,9.0,10.0,7.714600657876518
6343,11.0,8.0,5.647885759087167
6344,10.0,6.0,3.814807181685475
6345,9.0,6.0,3.4379945317821186
6346,16.0,3.0,1.9465992480463457
6347,10.0,2.0,1.1557314799461806
6348,10.0,2.0,1.1000989203612364
6349,9.0,1.0,0.3833785941306675
6350,20.0,1.0,0.39553748537937433
6351,16.0,3.0,1.5178838156090348
6352,11.0,3.0,1.5708510508981892
6353,15.0,3.0,1.5939470812693382
6354,10.0,3.0,1.631011713043171
6355,18.0,3.0,1.70028402998674
6356,12.0,3.0,1.7218146772619272
6357,10.0,3.0,1.6435050263491382
6358,10.0,3.0,1.4499020254287542
6359,12.0,2.0,0.9178193118545559
6360,12.0,3.0,1.140744704065931
6361,8.0,1.0,0.38532505216942564
6362,11.0,1.0,0.4350640581645867
6363,7.0,1.0,0.4574756251201971
6364,9.0,2.0,1.2109636808939979
6365,14.0,2.0,1.2863526517088477
6366,9.0,2.0,1.3334883403086835
6367,8.0,2.0,1.3711597140066356
6368,9.0,2.0,1.40050447276926
6369,9.0,2.0,1.3392699641732095
6370,18.0,1.0,0.8949947588700851
6371,13.0,1.0,0.9065523862523464
6372,16.0,1.0,0.9165435592907181
6373,12.0,1.0,0.8731023842290475
6374,11.0,0.0,0.0
6375,10.0,0.0,0.0
6376,11.0,0.0,0.0
6377,7.0,0.0,0.0
6378,16.0,0.0,0.0
6379,10.0,0.0,0.0
6380,7.0,0.0,0.0
6381,15.0,1.0,1.0384502885498113
6382,17.0,1.0,1.0790050097826165
6383,15.0,1.0,1.2109281029507177
6384,11.0,1.0,1.2740158906741177
6385,5.0,1.0,1.2636399854424865
6386,10.0,1.0,1.3203987846029455
6387,13.0,1.0,1.2532561456773266
6388,17.0,1.0,1.0580073882481826
6389,7.0,1.0,1.0381083468383334
6390,11.0,1.0,1.058510554071967
6391,12.0,0.0,0.0
6392,13.0,0.0,0.0
6393,10.0,0.0,0.0
6394,12.0,0.0,0.0
6395,12.0,0.0,0.0
6396,16.0,1.0,0.38386703726586363
6397,13.0,2.0,0.8062474674248017
6398,17.0,2.0,0.878261436607809
6399,8.0,2.0,0.8938135307331421
6400,13.0,2.0,0.8980198440752682
6401,11.0,2.0,0.9001010551140689
6402,20.0,2.0,0.8996731396354735
6403,12.0,2.0,0.8950624322051246
6404,12.0,2.0,0.87223404965778
6405,13.0,2.0,0.8382355518623812
6406,13.0,1.0,0.3422597257916637
6407,15.0,0.0,0.0
6408,19.0,0.0,0.0
6409,7.0,0.0,0.0
6410,9.0,0.0,0.0
6411,20.0,0.0,0.0
6412,16.0,0.0,0.0
6413,10.0,2.0,0.9816367223697358
6414,14.0,2.0,1.1847569127085682
6415,6.0,2.0,1.342291268888211
6416,11.0,4.0,3.0540016527919627
6417,8.0,4.0,3.06039755215498
6418,14.0,4.0,3.107727661685243
6419,20.0,4.0,3.124863575276538
6420,6.0,4.0,3.0663574895924497
6421,19.0,4.0,2.9768600281406243
6422,7.0,4.0,2.87942174375503
6423,16.0,2.0,1.700692392025439
6424,7.0,3.0,1.9627925789655223
6425,18.0,3.0,1.9504177463614374
6426,12.0,1.0,0.2705922549777565
6427,19.0,1.0,0.2697942921666484
6428,12.0,2.0,0.7692573205635225
6429,13.0,2.0,0.7836806512370855
6430,14.0,2.0,0.7927049379486493
6431,11.0,2.0,0.7956148822092046
6432,14.0,3.0,1.3483116452905688
6433,16.0,3.0,1.374282196435494
6434,10.0,2.0,1.1173966868049696
6435,11.0,2.0,1.0973413735356343
6436,12.0,2.0,1.0960623570161427
6437,13.0,2.0,1.1063258262531288
6438,12.0,1.0,0.6092747094449741
6439,16.0,1.0,0.5996666356839725
6440,11.0,1.0,0.5576356743129095
6441,10.0,1.0,0.5329117000392186
6442,10.0,0.0,0.0
6443,8.0,0.0,0.0
6444,12.0,0.0,0.0
6445,12.0,0.0,0.0
6446,6.0,0.0,0.0
6447,17.0,0.0,0.0
6448,7.0,0.0,0.0
6449,13.0,0.0,0.0
6450,10.0,0.0,0.0
6451,14.0,0.0,0.0
6452,21.0,0.0,0.0
6453,7.0,0.0,0.0
6454,15.0,0.0,0.0
6455,12.0,0.0,0.0
6456,8.0,0.0,0.0
6457,18.0,0.0,0.0
6458,14.0,0.0,0.0
6459,15.0,0.0,0.0
6460,13.0,0.0,0.0
6461,13.0,0.0,0.0
6462,15.0,0.0,0.0
6463,10.0,0.0,0.0
6464,12.0,0.0,0.0
6465,10.0,0.0,0.0
6466,13.0,0.0,0.0
6467,11.0,0.0,0.0
6468,12.0,0.0,0.0
6469,7.0,0.0,0.0
6470,18.0,0.0,0.0
6471,11.0,0.0,0.0
6472,10.0,1.0,0.5975842105819605
6473,11.0,1.0,0.5754289384057387
6474,10.0,1.0,0.5672670245181621
6475,15.0,1.0,0.5824324712963858
6476,11.0,1.0,0.6280938827333926
6477,10.0,1.0,0.6253562971651281
6478,14.0,1.0,0.4415733104161545
6479,8.0,1.0,0.3076128589774991
6480,13.0,1.0,0.24723840779650313
6481,19.0,1.0,0.21810458461123744
6482,11.0,1.0,0.4855512153848284
6483,15.0,1.0,0.5280734696279972
6484,11.0,1.0,0.5393811617358957
6485,18.0,2.0,1.7081542094773656
6486,10.0,2.0,1.7960105732117373
6487,12.0,2.0,1.8056360732770753
6488,7.0,3.0,3.0777685854130854
6489,8.0,3.0,3.1743742252695135
6490,14.0,3.0,3.198208339141434
6491,12.0,3.0,3.2419709555149607
6492,11.0,2.0,2.777613784324027
6493,15.0,2.0,2.658100485193045
6494,10.0,2.0,2.5536239401030807
6495,10.0,1.0,1.5391851808853951
6496,17.0,1.0,1.5350305632132553
6497,15.0,1.0,1.5730150791212227
6498,12.0,0.0,0.0
6499,3.0,0.0,0.0
6500,8.0,0.0,0.0
6501,21.0,1.0,1.2303611671931094
6502,12.0,1.0,1.2367296017815332
6503,7.0,1.0,1.2396848350266902
6504,14.0,1.0,1.2356564131163235
6505,17.0,1.0,1.2210880881243347
6506,7.0,1.0,1.234776002338979
6507,15.0,1.0,1.2465658684316558
6508,13.0,1.0,1.2093792378553965
6509,19.0,1.0,1.1573891184613083
6510,12.0,1.0,1.0373597099604877
6511,14.0,0.0,0.0
6512,16.0,0.0,0.0
6513,16.0,0.0,0.0
6514,12.0,0.0,0.0
6515,10.0,0.0,0.0
6516,14.0,0.0,0.0
6517,11.0,0.0,0.0
6518,13.0,0.0,0.0
6519,15.0,0.0,0.0
6520,11.0,0.0,0.0
6521,17.0,0.0,0.0
6522,18.0,0.0,0.0
6523,16.0,0.0,0.0
6524,14.0,0.0,0.0
6525,9.0,0.0,0.0
6526,12.0,0.0,0.0
6527,10.0,0.0,0.0
6528,11.0,0.0,0.0
6529,8.0,0.0,0.0
6530,17.0,0.0,0.0
6531,8.0,0.0,0.0
6532,14.0,0.0,0.0
6533,18.0,0.0,0.0
6534,19.0,0.0,0.0
6535,4.0,0.0,0.0
6536,17.0,0.0,0.0
6537,10.0,0.0,0.0
6538,10.0,0.0,0.0
6539,19.0,0.0,0.0
6540,10.0,0.0,0.0
6541,16.0,0.0,0.0
6542,18.0,0.0,0.0
6543,17.0,0.0,0.0
6544,12.0,0.0,0.0
6545,10.0,0.0,0.0
6546,11.0,0.0,0.0
6547,9.0,0.0,0.0
6548,18.0,0.0,0.0
6549,7.0,0.0,0.0
6550,14.0,0.0,0.0
6551,11.0,0.0,0.0
6552,16.0,0.0,0.0
6553,14.0,0.0,0.0
6554,20.0,0.0,0.0
6555,8.0,0.0,0.0
6556,14.0,0.0,0.0
6557,13.0,0.0,0.0
6558,13.0,0.0,0.0
6559,13.0,0.0,0.0
6560,15.0,0.0,0.0
6561,7.0,0.0,0.0
6562,11.0,1.0,0.6334565693809737
6563,13.0,1.0,0.6409255308573292
6564,13.0,1.0,0.6540761377299139
6565,10.0,1.0,0.6589165287230883
6566,7.0,1.0,0.5732280026561346
6567,15.0,1.0,0.45053284305106406
6568,9.0,1.0,0.40834293253065246
6569,14.0,1.0,0.4275758142547698
6570,17.0,1.0,0.47313467208835935
6571,14.0,3.0,1.8723331853117893
6572,6.0,2.0,1.5867380560428306
6573,12.0,2.0,1.6920829716306605
6574,14.0,2.0,1.6380205673538988
6575,17.0,2.0,1.5535223520791428
6576,15.0,2.0,1.5792132221484967
6577,10.0,2.0,1.7044945610474629
6578,11.0,3.0,2.4514678334385893
6579,11.0,3.0,2.4708879305282534
6580,15.0,3.0,2.4780147702369035
6581,8.0,1.0,0.8989461594896353
6582,13.0,2.0,1.241497083238642
6583,9.0,2.0,1.1825797666213391
6584,11.0,2.0,1.2524891798044868
6585,5.0,2.0,1.280715137845875
6586,13.0,2.0,1.2783514048387972
6587,13.0,2.0,1.3075298406583487
6588,13.0,1.0,0.4559563989417085
6589,12.0,1.0,0.42993949047791086
6590,15.0,1.0,0.3204690945991855
6591,16.0,1.0,0.24512618770042136
6592,18.0,0.0,0.0
6593,14.0,0.0,0.0
6594,15.0,0.0,0.0
6595,9.0,0.0,0.0
6596,14.0,0.0,0.0
6597,13.0,0.0,0.0
6598,11.0,0.0,0.0
6599,7.0,0.0,0.0
6600,12.0,1.0,0.597034761396072
6601,10.0,1.0,0.6059537328792248
6602,11.0,1.0,0.6195169365305782
6603,13.0,1.0,0.6083754792703686
6604,18.0,1.0,0.4866089225393262
6605,11.0,1.0,0.44450641997057194
6606,14.0,1.0,0.5263203151697455
6607,6.0,1.0,0.575509303464459
6608,13.0,1.0,0.5175620163669414
6609,11.0,1.0,0.5778528403620407
6610,11.0,0.0,0.0
6611,16.0,0.0,0.0
6612,14.0,0.0,0.0
6613,10.0,0.0,0.0
6614,7.0,0.0,0.0
6615,6.0,0.0,0.0
6616,16.0,0.0,0.0
6617,13.0,0.0,0.0
6618,13.0,0.0,0.0
6619,6.0,0.0,0.0
6620,12.0,0.0,0.0
6621,8.0,0.0,0.0
6622,14.0,0.0,0.0
6623,10.0,0.0,0.0
6624,14.0,0.0,0.0
6625,21.0,0.0,0.0
6626,14.0,0.0,0.0
6627,10.0,0.0,0.0
6628,13.0,0.0,0.0
6629,9.0,0.0,0.0
6630,15.0,0.0,0.0
6631,14.0,0.0,0.0
6632,11.0,0.0,0.0
6633,11.0,0.0,0.0
6634,7.0,0.0,0.0
6635,12.0,0.0,0.0
6636,11.0,0.0,0.0
6637,20.0,1.0,0.6428829488892428
6638,11.0,1.0,0.6456457124985358
6639,18.0,1.0,0.6410379180652412
6640,15.0,1.0,0.6261434204482066
6641,13.0,1.0,0.6437420910538937
6642,15.0,1.0,0.6422874341401715
6643,8.0,1.0,0.6324245080466794
6644,9.0,1.0,0.6427284251737653
6645,16.0,1.0,0.6462119645870785
6646,12.0,1.0,0.6474904298956012
6647,12.0,0.0,0.0
6648,13.0,0.0,0.0
6649,7.0,0.0,0.0
6650,14.0,0.0,0.0
6651,8.0,0.0,0.0
6652,13.0,0.0,0.0
6653,8.0,0.0,0.0
6654,13.0,0.0,0.0
6655,11.0,1.0,1.270433202147441
6656,15.0,1.0,1.2882769714498568
6657,15.0,1.0,1.3078549354830191
6658,8.0,1.0,1.3117228189099481
6659,16.0,1.0,1.3175736677731478
6660,11.0,1.0,1.3211904687020022
6661,11.0,1.0,1.3186607561960428
6662,18.0,1.0,1.3120302361861587
6663,13.0,1.0,1.3016332480706991
6664,13.0,1.0,1.2705777943100716
6665,9.0,0.0,0.0
6666,12.0,0.0,0.0
6667,10.0,1.0,0.8745894550904841
6668,14.0,1.0,0.9128898049000254
6669,13.0,1.0,0.9478514622164724
6670,15.0,1.0,0.9785286151335781
6671,17.0,1.0,0.9707829570594371
6672,12.0,1.0,0.927585117480958
6673,10.0,1.0,0.9311915609477969
6674,5.0,1.0,0.9468624885402259
6675,13.0,1.0,0.936647838577129
6676,8.0,1.0,0.9068198728945206
6677,9.0,0.0,0.0
6678,9.0,0.0,0.0
6679,8.0,0.0,0.0
6680,12.0,0.0,0.0
6681,15.0,0.0,0.0
6682,11.0,0.0,0.0
6683,16.0,0.0,0.0
6684,20.0,0.0,0.0
6685,10.0,1.0,0.26304546744524104
6686,15.0,1.0,0.26830650728453775
6687,18.0,1.0,0.27672569053658563
6688,8.0,1.0,0.27287049715887424
6689,13.0,1.0,0.26369216453138966
6690,7.0,1.0,0.2748957135089332
6691,8.0,1.0,0.2902005186678893
6692,14.0,1.0,0.28993015355412516
6693,11.0,1.0,0.2695203408387434
6694,13.0,1.0,0.2465609521241453
6695,10.0,0.0,0.0
6696,12.0,0.0,0.0
6697,11.0,0.0,0.0
6698,13.0,0.0,0.0
6699,11.0,0.0,0.0
6700,11.0,0.0,0.0
6701,18.0,0.0,0.0
6702,2.0,0.0,0.0
6703,9.0,0.0,0.0
6704,10.0,0.0,0.0
6705,13.0,0.0,0.0
6706,12.0,0.0,0.0
6707,12.0,0.0,0.0
6708,11.0,0.0,0.0
6709,17.0,0.0,0.0
6710,13.0,0.0,0.0
6711,13.0,0.0,0.0
6712,18.0,0.0,0.0
6713,8.0,0.0,0.0
6714,19.0,0.0,0.0
6715,18.0,0.0,0.0
6716,15.0,0.0,0.0
6717,12.0,0.0,0.0
6718,9.0,0.0,0.0
6719,7.0,0.0,0.0
6720,13.0,0.0,0.0
6721,9.0,0.0,0.0
6722,12.0,0.0,0.0
6723,10.0,0.0,0.0
6724,8.0,0.0,0.0
6725,12.0,0.0,0.0
6726,15.0,0.0,0.0
6727,15.0,0.0,0.0
6728,11.0,0.0,0.0
6729,13.0,0.0,0.0
6730,13.0,0.0,0.0
6731,9.0,0.0,0.0
6732,13.0,0.0,0.0
6733,16.0,0.0,0.0
6734,12.0,0.0,0.0
6735,12.0,0.0,0.0
6736,10.0,0.0,0.0
6737,6.0,0.0,0.0
6738,7.0,0.0,0.0
6739,11.0,0.0,0.0
6740,16.0,0.0,0.0
6741,12.0,0.0,0.0
6742,9.0,0.0,0.0
6743,12.0,0.0,0.0
6744,9.0,0.0,0.0
6745,14.0,0.0,0.0
6746,14.0,0.0,0.0
6747,11.0,0.0,0.0
6748,12.0,0.0,0.0
6749,16.0,0.0,0.0
6750,11.0,0.0,0.0
6751,13.0,0.0,0.0
6752,18.0,0.0,0.0
6753,10.0,0.0,0.0
6754,14.0,1.0,0.593644333143812
6755,7.0,1.0,0.5803901000412597
6756,9.0,1.0,0.5716988357991404
6757,10.0,1.0,0.5625159046301449
6758,8.0,1.0,0.5305848559504378
6759,7.0,1.0,0.5006888363836991
6760,17.0,1.0,0.5122608123160182
6761,9.0,1.0,0.5968602792888762
6762,9.0,1.0,0.606132048331606
6763,12.0,1.0,0.6015497194015663
6764,10.0,0.0,0.0
6765,16.0,0.0,0.0
6766,15.0,0.0,0.0
6767,11.0,0.0,0.0
6768,9.0,0.0,0.0
6769,13.0,0.0,0.0
6770,12.0,0.0,0.0
6771,12.0,0.0,0.0
6772,19.0,0.0,0.0
6773,14.0,0.0,0.0
6774,13.0,0.0,0.0
6775,12.0,0.0,0.0
6776,13.0,0.0,0.0
6777,11.0,0.0,0.0
6778,15.0,0.0,0.0
6779,18.0,0.0,0.0
6780,11.0,0.0,0.0
6781,17.0,0.0,0.0
6782,16.0,0.0,0.0
6783,11.0,0.0,0.0
6784,9.0,0.0,0.0
6785,11.0,0.0,0.0
6786,12.0,0.0,0.0
6787,10.0,0.0,0.0
6788,14.0,0.0,0.0
6789,18.0,0.0,0.0
6790,14.0,0.0,0.0
6791,10.0,0.0,0.0
6792,11.0,1.0,0.601380577501102
6793,9.0,1.0,0.6155200005938006
6794,10.0,1.0,0.6406706359356191
6795,6.0,1.0,0.662971984176043
6796,5.0,1.0,0.6794608325614865
6797,13.0,1.0,0.6961886957647152
6798,11.0,1.0,0.6768127481295403
6799,14.0,1.0,0.6271836198893603
6800,10.0,1.0,0.6045055314202656
6801,10.0,1.0,0.5985970417320309
6802,12.0,0.0,0.0
6803,18.0,1.0,0.382521769969891
6804,15.0,1.0,0.38439069071516807
6805,11.0,1.0,0.453957110020868
6806,14.0,1.0,0.45375929058239994
6807,15.0,1.0,0.4399078810019755
6808,19.0,1.0,0.440851330782659
6809,11.0,1.0,0.46720082703311183
6810,11.0,2.0,0.7767771654182989
6811,12.0,2.0,0.8333718951607376
6812,22.0,2.0,0.835285001170772
6813,15.0,1.0,0.4071170012707158
6814,9.0,1.0,0.4066023207955172
6815,15.0,1.0,0.40395645143873593
6816,8.0,1.0,0.4026518263268601
6817,7.0,1.0,0.4013129867798988
6818,6.0,1.0,0.3926858372895451
6819,12.0,1.0,0.38204046816476916
6820,9.0,0.0,0.0
6821,13.0,0.0,0.0
6822,17.0,0.0,0.0
6823,14.0,0.0,0.0
6824,9.0,0.0,0.0
6825,12.0,0.0,0.0
6826,6.0,0.0,0.0
6827,14.0,0.0,0.0
6828,13.0,0.0,0.0
6829,9.0,0.0,0.0
6830,14.0,0.0,0.0
6831,13.0,0.0,0.0
6832,11.0,0.0,0.0
6833,15.0,0.0,0.0
6834,16.0,0.0,0.0
6835,14.0,0.0,0.0
6836,14.0,0.0,0.0
6837,14.0,0.0,0.0
6838,10.0,0.0,0.0
6839,12.0,0.0,0.0
6840,15.0,0.0,0.0
6841,13.0,0.0,0.0
6842,12.0,0.0,0.0
6843,14.0,0.0,0.0
6844,14.0,0.0,0.0
6845,11.0,0.0,0.0
6846,11.0,0.0,0.0
6847,14.0,0.0,0.0
6848,10.0,1.0,0.49427738441259433
6849,14.0,1.0,0.49651325502076515
6850,15.0,1.0,0.4944057608247786
6851,12.0,1.0,0.4932510108064386
6852,8.0,1.0,0.49435233478120066
6853,11.0,1.0,0.49635218412460536
6854,16.0,1.0,0.49659664221971517
6855,11.0,1.0,0.49032834381957235
6856,9.0,1.0,0.4714227821132317
6857,8.0,1.0,0.43444986265695196
6858,10.0,0.0,0.0
6859,10.0,0.0,0.0
6860,8.0,1.0,0.46836282740895113
6861,10.0,1.0,0.4836172931696358
6862,9.0,1.0,0.49787691215041807
6863,15.0,1.0,0.5095897768312563
6864,12.0,1.0,0.5186285367336633
6865,11.0,1.0,0.5187161297471422
6866,7.0,1.0,0.5099583225293559
6867,11.0,1.0,0.4996484262881352
6868,14.0,1.0,0.49131286740585917
6869,13.0,1.0,0.47633115801007175
6870,10.0,0.0,0.0
6871,12.0,0.0,0.0
6872,10.0,0.0,0.0
6873,13.0,0.0,0.0
6874,13.0,0.0,0.0
6875,12.0,0.0,0.0
6876,8.0,0.0,0.0
6877,6.0,0.0,0.0
6878,12.0,0.0,0.0
6879,17.0,0.0,0.0
6880,10.0,0.0,0.0
6881,18.0,0.0,0.0
6882,19.0,0.0,0.0
6883,10.0,1.0,0.6132088468300287
6884,7.0,1.0,0.5964385221110488
6885,9.0,1.0,0.5929865003184208
6886,9.0,1.0,0.5993708065387422
6887,11.0,1.0,0.6071644455006903
6888,15.0,1.0,0.6249061634746471
6889,7.0,1.0,0.6079934018794545
6890,4.0,1.0,0.4374875646442215
6891,12.0,1.0,0.3714561222839694
6892,14.0,1.0,0.4141782328311336
6893,13.0,0.0,0.0
6894,9.0,0.0,0.0
6895,14.0,0.0,0.0
6896,8.0,0.0,0.0
6897,9.0,0.0,0.0
6898,9.0,0.0,0.0
6899,13.0,0.0,0.0
6900,14.0,0.0,0.0
6901,13.0,1.0,0.8538169497185293
6902,8.0,1.0,0.8524251155312301
6903,14.0,2.0,1.4704942594002761
6904,8.0,2.0,1.52850555189825
6905,13.0,2.0,1.568995815585383
6906,12.0,2.0,1.5675151376398928
6907,9.0,2.0,1.5477698177263335
6908,11.0,2.0,1.5336807954632599
6909,11.0,2.0,1.5269888875520015
6910,12.0,2.0,1.5325359610576228
6911,14.0,2.0,1.0605135483715011
6912,10.0,2.0,1.0526085673628458
6913,16.0,1.0,0.41171463777090783
6914,11.0,1.0,0.40739202286647114
6915,10.0,1.0,0.3988241519313424
6916,11.0,1.0,0.3930440734938991
6917,10.0,1.0,0.40115147051215594
6918,5.0,1.0,0.4004830976666923
6919,15.0,1.0,0.32572040818041076
6920,14.0,1.0,0.24585719822215021
6921,8.0,0.0,0.0
6922,12.0,0.0,0.0
6923,5.0,0.0,0.0
6924,14.0,0.0,0.0
6925,12.0,0.0,0.0
6926,8.0,0.0,0.0
6927,7.0,0.0,0.0
6928,12.0,0.0,0.0
6929,6.0,0.0,0.0
6930,9.0,0.0,0.0
6931,12.0,0.0,0.0
6932,13.0,0.0,0.0
6933,13.0,0.0,0.0
6934,18.0,0.0,0.0
6935,16.0,0.0,0.0
6936,16.0,0.0,0.0
6937,11.0,0.0,0.0
6938,11.0,0.0,0.0
6939,8.0,0.0,0.0
6940,14.0,1.0,0.7529323500148999
6941,12.0,1.0,0.7771420407878558
6942,13.0,1.0,0.8058044120087515
6943,8.0,1.0,0.8404060564871119
6944,16.0,1.0,0.8475189633936909
6945,14.0,1.0,0.8352323063099759
6946,10.0,1.0,0.8264416460826731
6947,16.0,1.0,0.8249053239198706
6948,14.0,1.0,0.826070530893403
6949,13.0,1.0,0.8187291343631035
6950,11.0,0.0,0.0
6951,14.0,0.0,0.0
6952,17.0,2.0,0.31144360590049763
6953,12.0,2.0,0.3390713361715559
6954,10.0,2.0,0.42425777972820566
6955,11.0,2.0,0.5780507405374331
6956,9.0,2.0,0.7138462552877318
6957,9.0,2.0,0.72961184864485
6958,13.0,2.0,0.6824517476925264
6959,13.0,3.0,1.1553057119148036
6960,8.0,3.0,1.1750431801001127
6961,16.0,3.0,1.1942385200480339
6962,11.0,1.0,0.6115683381828765
6963,12.0,1.0,0.5959565166192601
6964,16.0,1.0,0.5670379809840989
6965,14.0,1.0,0.5778352184259578
6966,13.0,1.0,0.5967757106507782
6967,13.0,1.0,0.6069721720048481
6968,12.0,1.0,0.5953944864128864
6969,11.0,0.0,0.0
6970,7.0,0.0,0.0
6971,15.0,0.0,0.0
6972,10.0,0.0,0.0
6973,15.0,0.0,0.0
6974,11.0,0.0,0.0
6975,8.0,0.0,0.0
6976,6.0,0.0,0.0
6977,8.0,0.0,0.0
6978,15.0,0.0,0.0
6979,17.0,0.0,0.0
6980,12.0,0.0,0.0
6981,19.0,0.0,0.0
6982,19.0,0.0,0.0
6983,5.0,0.0,0.0
6984,9.0,0.0,0.0
6985,11.0,0.0,0.0
6986,16.0,0.0,0.0
6987,19.0,0.0,0.0
6988,17.0,1.0,0.6284487276118218
6989,10.0,1.0,0.6281648415579831
6990,9.0,1.0,0.6179603270667406
6991,10.0,1.0,0.6024349007789939
6992,14.0,1.0,0.6025336472047337
6993,17.0,1.0,0.6149956045480433
6994,17.0,1.0,0.6203737607539422
6995,11.0,1.0,0.6218126422176554
6996,10.0,1.0,0.5022017950882767
6997,4.0,1.0,0.37566595939131214
6998,13.0,0.0,0.0
6999,7.0,0.0,0.0
7000,7.0,0.0,0.0
7001,11.0,0.0,0.0
7002,16.0,0.0,0.0
7003,8.0,0.0,0.0
7004,6.0,0.0,0.0
7005,9.0,0.0,0.0
7006,17.0,0.0,0.0
7007,10.0,0.0,0.0
7008,11.0,0.0,0.0
7009,11.0,0.0,0.0
7010,11.0,0.0,0.0
7011,14.0,0.0,0.0
7012,15.0,2.0,0.9205087106833837
7013,10.0,2.0,1.0255564123734717
7014,15.0,2.0,1.041012955014837
7015,7.0,3.0,1.8801622565762233
7016,13.0,3.0,1.8975523968989418
7017,8.0,3.0,1.9578869536011887
7018,18.0,3.0,2.047621972035019
7019,11.0,3.0,2.0350711962267916
7020,17.0,3.0,1.8763453703315287
7021,11.0,3.0,1.6504845931209593
7022,12.0,1.0,0.832438163639681
7023,8.0,1.0,0.8008371053299186
7024,12.0,1.0,0.6327812788426036
7025,11.0,0.0,0.0
7026,14.0,0.0,0.0
7027,14.0,0.0,0.0
7028,3.0,0.0,0.0
7029,15.0,0.0,0.0
7030,12.0,0.0,0.0
7031,12.0,0.0,0.0
7032,16.0,0.0,0.0
7033,14.0,0.0,0.0
7034,12.0,0.0,0.0
7035,10.0,0.0,0.0
7036,9.0,0.0,0.0
7037,10.0,0.0,0.0
7038,16.0,0.0,0.0
7039,12.0,0.0,0.0
7040,10.0,0.0,0.0
7041,13.0,0.0,0.0
7042,16.0,1.0,0.5734463947936774
7043,11.0,1.0,0.6402368214419917
7044,17.0,1.0,0.6850947656252144
7045,13.0,1.0,0.7196089911033523
7046,12.0,1.0,0.715077526077005
7047,11.0,1.0,0.6938078285516067
7048,12.0,1.0,0.6906833686148806
7049,8.0,1.0,0.7016239133852359
7050,11.0,1.0,0.7151496826411967
7051,12.0,1.0,0.7179068794635824
7052,9.0,0.0,0.0
7053,7.0,0.0,0.0
7054,8.0,1.0,0.16762071081594526
7055,11.0,1.0,0.1870271184106462
7056,16.0,1.0,0.21781368113247146
7057,22.0,1.0,0.2262661434110451
7058,10.0,1.0,0.22558291923178048
7059,10.0,1.0,0.22681494881800274
7060,22.0,1.0,0.22785285540305963
7061,9.0,1.0,0.22237715791898566
7062,11.0,1.0,0.2000777483549755
7063,20.0,1.0,0.1726457295598962
7064,10.0,0.0,0.0
7065,10.0,0.0,0.0
7066,16.0,1.0,0.6221745028219791
7067,14.0,1.0,0.6218932195966465
7068,14.0,1.0,0.621762959774608
7069,18.0,1.0,0.6236266289463878
7070,14.0,1.0,0.6274321780578724
7071,13.0,1.0,0.6287276353349045
7072,11.0,1.0,0.6273956728148606
7073,10.0,2.0,1.0492309866430078
7074,10.0,2.0,1.0704753760687746
7075,13.0,2.0,1.0777809684589195
7076,19.0,1.0,0.4964238317062361
7077,9.0,1.0,0.5070634448947321
7078,14.0,1.0,0.506382532532206
7079,13.0,1.0,0.49497437643362724
7080,12.0,2.0,1.3702014964284837
7081,11.0,2.0,1.3782669087256056
7082,12.0,2.0,1.375301719581518
7083,11.0,2.0,1.5417591420504833
7084,10.0,2.0,1.5833715410681253
7085,10.0,2.0,1.6090084845410615
7086,11.0,2.0,1.4471005722394559
7087,18.0,2.0,1.2252233748618466
7088,10.0,2.0,1.106712806342304
7089,5.0,3.0,1.9919283610507121
7090,8.0,3.0,2.44754736185427
7091,24.0,3.0,2.444359081961756
7092,10.0,3.0,2.4523165402042846
7093,8.0,2.0,1.850032752020267
7094,15.0,2.0,1.865318154437753
7095,8.0,2.0,1.866628202322062
7096,9.0,2.0,1.8430908165800923
7097,11.0,2.0,1.7943053355037835
7098,9.0,3.0,1.9131367155038905
7099,10.0,2.0,1.0909114853638922
7100,14.0,1.0,0.2358635294107939
7101,11.0,1.0,0.24802990347917095
7102,15.0,1.0,0.25470031840896096
7103,9.0,1.0,0.2550249549592363
7104,13.0,1.0,0.24797924101272467
7105,9.0,1.0,0.24378040585748822
7106,11.0,1.0,0.23394609057632934
7107,18.0,1.0,0.22037563073029237
7108,19.0,1.0,0.2758153857447687
7109,16.0,2.0,0.7639113106776918
7110,13.0,2.0,0.8599403632490099
7111,19.0,2.0,0.93480596058763
7112,13.0,2.0,0.9682781912971093
7113,7.0,2.0,0.9727970760584628
7114,5.0,2.0,0.9561315244711887
7115,7.0,2.0,0.9283911931562983
7116,11.0,2.0,0.8860213618641801
7117,11.0,3.0,1.997549813919333
7118,14.0,2.0,1.8314805173857625
7119,4.0,1.0,1.2468064636686762
7120,12.0,1.0,1.2707649130986645
7121,8.0,1.0,1.276476284296245
7122,14.0,2.0,2.4447122683172573
7123,12.0,2.0,2.456098099933445
7124,12.0,3.0,3.307275827816943
7125,14.0,3.0,3.218498095986542
7126,9.0,3.0,3.3562738489528456
7127,9.0,2.0,2.1691735716276095
7128,11.0,3.0,2.327562775974518
7129,15.0,3.0,2.55025965660215
7130,16.0,3.0,2.714026222672076
7131,15.0,3.0,2.840262517248437
7132,11.0,2.0,1.8621301473673366
7133,19.0,2.0,1.728588910442177
7134,11.0,1.0,0.9929433453041864
7135,6.0,1.0,0.9555421850452506
7136,8.0,1.0,0.9311350663122139
7137,12.0,1.0,0.9193179110898766
7138,10.0,0.0,0.0
7139,12.0,0.0,0.0
7140,15.0,0.0,0.0
7141,13.0,0.0,0.0
7142,18.0,0.0,0.0
7143,17.0,0.0,0.0
7144,12.0,0.0,0.0
7145,15.0,0.0,0.0
7146,13.0,0.0,0.0
7147,19.0,0.0,0.0
7148,17.0,0.0,0.0
7149,14.0,0.0,0.0
7150,6.0,0.0,0.0
7151,17.0,0.0,0.0
7152,14.0,0.0,0.0
7153,14.0,0.0,0.0
7154,11.0,0.0,0.0
7155,12.0,0.0,0.0
7156,8.0,0.0,0.0
7157,14.0,1.0,0.43384480322274427
7158,11.0,1.0,0.43653446381176597
7159,7.0,1.0,0.43934189279288993
7160,19.0,1.0,0.44098051727236337
7161,10.0,1.0,0.4408597251508237
7162,11.0,1.0,0.44145130440429114
7163,11.0,2.0,1.4807415671536504
7164,4.0,2.0,1.4865251142426705
7165,9.0,2.0,1.4867595522269086
7166,13.0,2.0,1.484188141507105
7167,15.0,1.0,1.0487281126001597
7168,13.0,1.0,1.0486192854486762
7169,11.0,1.0,1.0454916230236284
7170,13.0,1.0,1.0443524519784164
7171,10.0,1.0,1.0441468797302054
7172,10.0,1.0,1.0426224332129919
7173,11.0,1.0,0.5698876872817733
7174,10.0,1.0,0.570199469698975
7175,8.0,1.0,0.5727247233727502
7176,12.0,1.0,0.5723450957868169
7177,15.0,1.0,0.5726984500669559
7178,17.0,1.0,0.5766052510752206
7179,16.0,1.0,0.5762955737732024
7180,17.0,1.0,0.5707745778991169
7181,12.0,1.0,0.5581678844159124
7182,16.0,2.0,0.9227125075364127
7183,11.0,1.0,0.36249736303013824
7184,14.0,1.0,0.3619887899910707
7185,10.0,1.0,0.3615277260931839
7186,15.0,1.0,0.36099088952096303
7187,11.0,1.0,0.36069358178154937
7188,14.0,1.0,0.3609493446826184
7189,18.0,1.0,0.36141480838367446
7190,13.0,1.0,0.3599642443446122
7191,9.0,1.0,0.3539705595323549
7192,11.0,0.0,0.0
7193,13.0,0.0,0.0
7194,10.0,0.0,0.0
7195,6.0,0.0,0.0
7196,17.0,0.0,0.0
7197,11.0,0.0,0.0
7198,5.0,0.0,0.0
7199,13.0,0.0,0.0
7200,16.0,0.0,0.0
7201,9.0,0.0,0.0
7202,10.0,0.0,0.0
7203,14.0,0.0,0.0
7204,19.0,0.0,0.0
7205,5.0,0.0,0.0
7206,12.0,0.0,0.0
7207,10.0,2.0,1.0933122927366443
7208,11.0,2.0,1.3652337249163724
7209,14.0,2.0,1.5603404134005512
7210,12.0,2.0,1.7470917501571894
7211,16.0,4.0,3.7318403229047186
7212,12.0,4.0,3.738747698226246
7213,16.0,4.0,3.6809939272928807
7214,9.0,5.0,4.665600573731419
7215,13.0,5.0,4.598482490124145
7216,17.0,5.0,4.634679150534061
7217,16.0,3.0,3.037147862085119
7218,17.0,4.0,3.6512349319532973
7219,10.0,4.0,3.6136135095828896
7220,15.0,4.0,3.6697624567756666
7221,10.0,2.0,1.7968695978823366
7222,8.0,2.0,1.8150165442333308
7223,12.0,2.0,1.8057005422744838
7224,12.0,3.0,2.6907002151213772
7225,6.0,3.0,2.666738769070952
7226,9.0,3.0,2.643095069481944
7227,10.0,4.0,3.3034225721460317
7228,13.0,3.0,2.838010349759532
7229,9.0,3.0,2.910473964021919
7230,14.0,4.0,4.062399398698484
7231,16.0,4.0,3.759845732590679
7232,18.0,4.0,3.7886873056142276
7233,21.0,5.0,4.503465192243027
7234,7.0,3.0,2.604417395644422
7235,16.0,3.0,2.561101642880838
7236,12.0,3.0,2.479290990386052
7237,11.0,2.0,1.803094805088208
7238,10.0,2.0,1.777024916157847
7239,9.0,2.0,1.7616954213085452
7240,17.0,2.0,0.9909208673626493
7241,10.0,2.0,1.102660455614977
7242,6.0,2.0,1.1150025514827933
7243,14.0,1.0,0.7450991433342908
7244,12.0,1.0,0.7632128858605441
7245,10.0,1.0,0.7600376457715844
7246,6.0,1.0,0.7363075673110734
7247,10.0,1.0,0.7316284699706925
7248,8.0,1.0,0.7141858319089707
7249,19.0,1.0,0.6310673582708826
7250,9.0,0.0,0.0
7251,9.0,0.0,0.0
7252,12.0,0.0,0.0
7253,5.0,0.0,0.0
7254,9.0,0.0,0.0
7255,7.0,0.0,0.0
7256,9.0,0.0,0.0
7257,10.0,0.0,0.0
7258,17.0,0.0,0.0
7259,15.0,0.0,0.0
7260,9.0,0.0,0.0
7261,19.0,0.0,0.0
7262,10.0,0.0,0.0
7263,15.0,0.0,0.0
7264,11.0,0.0,0.0
7265,12.0,1.0,0.5425530067427975
7266,7.0,1.0,0.5639301821072795
7267,12.0,1.0,0.5621554511470428
7268,9.0,1.0,0.5507919107905219
7269,7.0,2.0,1.0058874819588017
7270,12.0,2.0,1.0622470923862695
7271,5.0,2.0,1.0952510881691333
7272,11.0,2.0,1.0769590020637634
7273,13.0,2.0,1.073226682341974
7274,12.0,2.0,1.0884435486438058
7275,16.0,1.0,0.5734348350687791
7276,14.0,1.0,0.5606091482969673
7277,11.0,1.0,0.5507321832789909
7278,10.0,1.0,0.5209886366152954
7279,7.0,0.0,0.0
7280,12.0,0.0,0.0
7281,11.0,0.0,0.0
7282,9.0,0.0,0.0
7283,11.0,0.0,0.0
7284,12.0,1.0,0.8441337510721587
7285,7.0,1.0,0.8460726572566017
7286,14.0,1.0,0.8488681578461752
7287,12.0,1.0,0.8528869398528388
7288,17.0,1.0,0.8564192148296598
7289,16.0,1.0,0.8580596967676912
7290,13.0,1.0,0.8574175182298052
7291,4.0,1.0,0.8530941171188579
7292,13.0,1.0,0.8369633484459178
7293,13.0,1.0,0.8068693903786991
7294,8.0,0.0,0.0
7295,8.0,0.0,0.0
7296,12.0,0.0,0.0
7297,8.0,0.0,0.0
7298,12.0,0.0,0.0
7299,8.0,0.0,0.0
7300,14.0,1.0,0.3221719048211813
7301,12.0,1.0,0.39754477726405246
7302,14.0,1.0,0.4399222775854424
7303,14.0,1.0,0.45998006546899045
7304,10.0,1.0,0.4593255423617556
7305,9.0,1.0,0.455771743427074
7306,12.0,1.0,0.4547203057775702
7307,13.0,1.0,0.44924177641765317
7308,9.0,1.0,0.4210947092737361
7309,15.0,1.0,0.3662263217360119
7310,10.0,0.0,0.0
7311,10.0,0.0,0.0
7312,8.0,0.0,0.0
7313,8.0,0.0,0.0
7314,11.0,0.0,0.0
7315,8.0,0.0,0.0
7316,13.0,0.0,0.0
7317,6.0,0.0,0.0
7318,3.0,0.0,0.0
7319,10.0,0.0,0.0
7320,10.0,1.0,0.4275434594034841
7321,16.0,3.0,1.3352260943181897
7322,13.0,3.0,1.4212981973074903
7323,13.0,3.0,1.495855217792701
7324,13.0,3.0,1.556953075769755
7325,8.0,3.0,1.524239654178919
7326,14.0,3.0,1.5170403448113663
7327,9.0,3.0,1.5230819236572224
7328,9.0,3.0,1.405156439176048
7329,15.0,3.0,1.163085921624242
7330,12.0,2.0,0.8685519444861916
7331,9.0,0.0,0.0
7332,9.0,0.0,0.0
7333,10.0,0.0,0.0
7334,8.0,0.0,0.0
7335,7.0,0.0,0.0
7336,12.0,0.0,0.0
7337,18.0,0.0,0.0
7338,16.0,0.0,0.0
7339,9.0,0.0,0.0
7340,17.0,0.0,0.0
7341,14.0,0.0,0.0
7342,10.0,0.0,0.0
7343,10.0,0.0,0.0
7344,6.0,0.0,0.0
7345,12.0,0.0,0.0
7346,7.0,0.0,0.0
7347,17.0,0.0,0.0
7348,14.0,0.0,0.0
7349,23.0,0.0,0.0
7350,8.0,0.0,0.0
7351,16.0,0.0,0.0
7352,10.0,0.0,0.0
7353,14.0,0.0,0.0
7354,14.0,0.0,0.0
7355,11.0,0.0,0.0
7356,13.0,0.0,0.0
7357,8.0,0.0,0.0
7358,12.0,0.0,0.0
7359,18.0,0.0,0.0
7360,5.0,0.0,0.0
7361,14.0,0.0,0.0
7362,13.0,0.0,0.0
7363,15.0,0.0,0.0
7364,13.0,0.0,0.0
7365,9.0,0.0,0.0
7366,10.0,0.0,0.0
7367,11.0,0.0,0.0
7368,10.0,0.0,0.0
7369,6.0,0.0,0.0
7370,15.0,0.0,0.0
7371,17.0,0.0,0.0
7372,14.0,0.0,0.0
7373,9.0,0.0,0.0
7374,11.0,0.0,0.0
7375,10.0,0.0,0.0
7376,12.0,0.0,0.0
7377,17.0,0.0,0.0
7378,16.0,0.0,0.0
7379,20.0,0.0,0.0
7380,11.0,0.0,0.0
7381,15.0,0.0,0.0
7382,14.0,0.0,0.0
7383,11.0,0.0,0.0
7384,11.0,0.0,0.0
7385,8.0,0.0,0.0
7386,12.0,0.0,0.0
7387,24.0,0.0,0.0
7388,9.0,0.0,0.0
7389,9.0,0.0,0.0
7390,12.0,0.0,0.0
7391,8.0,0.0,0.0
7392,12.0,0.0,0.0
7393,12.0,0.0,0.0
7394,12.0,0.0,0.0
7395,15.0,0.0,0.0
7396,11.0,0.0,0.0
7397,12.0,0.0,0.0
7398,10.0,0.0,0.0
7399,24.0,0.0,0.0
7400,13.0,0.0,0.0
7401,10.0,0.0,0.0
7402,15.0,0.0,0.0
7403,14.0,0.0,0.0
7404,13.0,1.0,0.5566886916782016
7405,10.0,1.0,0.5616720848490226
7406,13.0,1.0,0.5662416386506852
7407,17.0,1.0,0.5647038594359743
7408,13.0,1.0,0.5734734912574978
7409,11.0,1.0,0.578066577964352
7410,10.0,1.0,0.5732654032443267
7411,11.0,1.0,0.5618331973796465
7412,13.0,1.0,0.5479083492765607
7413,12.0,1.0,0.5326106608832248
7414,13.0,0.0,0.0
7415,18.0,0.0,0.0
7416,13.0,0.0,0.0
7417,11.0,0.0,0.0
7418,6.0,0.0,0.0
7419,16.0,0.0,0.0
7420,15.0,0.0,0.0
7421,12.0,0.0,0.0
7422,11.0,0.0,0.0
7423,12.0,0.0,0.0
7424,9.0,0.0,0.0
7425,9.0,0.0,0.0
7426,9.0,0.0,0.0
7427,13.0,0.0,0.0
7428,9.0,0.0,0.0
7429,10.0,0.0,0.0
7430,14.0,0.0,0.0
7431,12.0,0.0,0.0
7432,15.0,1.0,0.7829021123807185
7433,7.0,1.0,0.7978626134103869
7434,18.0,1.0,0.8049591557484991
7435,5.0,1.0,0.8067575090185404
7436,23.0,1.0,0.805746663106167
7437,10.0,1.0,0.7979606682889169
7438,12.0,1.0,0.7954778126237632
7439,17.0,1.0,0.8008188403107722
7440,16.0,1.0,0.7994264605687311
7441,10.0,1.0,0.7965289016929072
7442,11.0,0.0,0.0
7443,17.0,0.0,0.0
7444,15.0,0.0,0.0
7445,10.0,0.0,0.0
7446,13.0,0.0,0.0
7447,5.0,0.0,0.0
7448,9.0,0.0,0.0
7449,12.0,0.0,0.0
7450,11.0,0.0,0.0
7451,11.0,0.0,0.0
7452,11.0,0.0,0.0
7453,7.0,0.0,0.0
7454,11.0,0.0,0.0
7455,11.0,0.0,0.0
7456,6.0,0.0,0.0
7457,16.0,0.0,0.0
7458,8.0,0.0,0.0
7459,14.0,0.0,0.0
7460,9.0,0.0,0.0
7461,9.0,0.0,0.0
7462,11.0,0.0,0.0
7463,13.0,0.0,0.0
7464,10.0,0.0,0.0
7465,14.0,0.0,0.0
7466,16.0,0.0,0.0
7467,7.0,0.0,0.0
7468,17.0,0.0,0.0
7469,14.0,0.0,0.0
7470,13.0,0.0,0.0
7471,11.0,0.0,0.0
7472,13.0,0.0,0.0
7473,12.0,0.0,0.0
7474,10.0,0.0,0.0
7475,9.0,0.0,0.0
7476,8.0,0.0,0.0
7477,10.0,0.0,0.0
7478,11.0,0.0,0.0
7479,9.0,0.0,0.0
7480,7.0,0.0,0.0
7481,13.0,0.0,0.0
7482,11.0,0.0,0.0
7483,14.0,1.0,0.08149556316807298
7484,10.0,1.0,0.3339392501798514
7485,10.0,1.0,0.637714314058453
7486,10.0,1.0,0.7862868239065397
7487,18.0,1.0,0.838776841192364
7488,6.0,1.0,0.9755808561159596
7489,12.0,1.0,0.9267344232471741
7490,13.0,1.0,0.8285068261982507
7491,13.0,1.0,0.7289390083854569
7492,18.0,1.0,0.6355007135249882
7493,18.0,0.0,0.0
7494,8.0,0.0,0.0
7495,5.0,0.0,0.0
7496,10.0,0.0,0.0
7497,13.0,0.0,0.0
7498,15.0,0.0,0.0
7499,14.0,0.0,0.0
7500,6.0,0.0,0.0
7501,12.0,0.0,0.0
7502,12.0,0.0,0.0
7503,7.0,0.0,0.0
7504,7.0,0.0,0.0
7505,7.0,0.0,0.0
7506,10.0,0.0,0.0
7507,13.0,0.0,0.0
7508,11.0,0.0,0.0
7509,10.0,0.0,0.0
7510,10.0,0.0,0.0
7511,17.0,0.0,0.0
7512,9.0,1.0,0.850631479949967
7513,7.0,1.0,0.6997964358644333
7514,14.0,1.0,0.7152994136612315
7515,9.0,1.0,0.879064094878473
7516,15.0,1.0,0.8803759843788913
7517,13.0,1.0,0.8353669584249581
7518,15.0,1.0,0.8942005252326102
7519,13.0,1.0,0.7499934420803469
7520,15.0,1.0,0.6043202468469068
7521,10.0,1.0,0.7342789155221701
7522,12.0,0.0,0.0
7523,13.0,0.0,0.0
7524,14.0,0.0,0.0
7525,12.0,0.0,0.0
7526,18.0,0.0,0.0
7527,15.0,0.0,0.0
7528,13.0,0.0,0.0
7529,10.0,0.0,0.0
7530,15.0,0.0,0.0
7531,14.0,0.0,0.0
7532,16.0,0.0,0.0
7533,6.0,0.0,0.0
7534,10.0,0.0,0.0
7535,4.0,0.0,0.0
7536,14.0,0.0,0.0
7537,11.0,0.0,0.0
7538,15.0,0.0,0.0
7539,14.0,0.0,0.0
7540,10.0,0.0,0.0
7541,12.0,0.0,0.0
7542,15.0,0.0,0.0
7543,18.0,0.0,0.0
7544,8.0,0.0,0.0
7545,13.0,0.0,0.0
7546,15.0,0.0,0.0
7547,14.0,1.0,0.42559393330773687
7548,14.0,1.0,0.45186062991948817
7549,5.0,1.0,0.4720111762039883
7550,10.0,2.0,0.9282670031056066
7551,11.0,2.0,0.9499195392257637
7552,13.0,2.0,0.9818112288505341
7553,6.0,2.0,1.0173219180166506
7554,17.0,2.0,1.0045293084129205
7555,8.0,2.0,0.9145432663579035
7556,14.0,2.0,0.7190409640368491
7557,12.0,1.0,0.43387815572329014
7558,18.0,1.0,0.36780632486860043
7559,12.0,1.0,0.3399231402712927
7560,12.0,0.0,0.0
7561,13.0,0.0,0.0
7562,3.0,0.0,0.0
7563,10.0,0.0,0.0
7564,14.0,0.0,0.0
7565,16.0,0.0,0.0
7566,5.0,0.0,0.0
7567,18.0,1.0,0.47194431797478803
7568,15.0,1.0,0.4908655644818113
7569,9.0,1.0,0.5018217492682098
7570,15.0,1.0,0.503316086583799
7571,20.0,1.0,0.4975617039280371
7572,8.0,1.0,0.5031897907704522
7573,8.0,2.0,1.730093194131248
7574,6.0,2.0,1.731445348501815
7575,8.0,2.0,1.7318074251003113
7576,13.0,2.0,1.7146736603165404
7577,14.0,1.0,1.2387283654550358
7578,12.0,1.0,1.2371007060683719
7579,12.0,1.0,1.234651369607434
7580,7.0,1.0,1.2374652220388727
7581,14.0,1.0,1.2345268350571412
7582,14.0,1.0,1.2348593734164042
7583,7.0,0.0,0.0
7584,18.0,0.0,0.0
7585,5.0,0.0,0.0
7586,10.0,0.0,0.0
7587,16.0,0.0,0.0
7588,11.0,0.0,0.0
7589,12.0,0.0,0.0
7590,16.0,0.0,0.0
7591,7.0,0.0,0.0
7592,12.0,0.0,0.0
7593,12.0,0.0,0.0
7594,11.0,0.0,0.0
7595,13.0,0.0,0.0
7596,9.0,0.0,0.0
7597,8.0,0.0,0.0
7598,18.0,0.0,0.0
7599,11.0,0.0,0.0
7600,12.0,0.0,0.0
7601,9.0,1.0,0.8182702068662967
7602,13.0,1.0,1.029247909159002
7603,15.0,1.0,1.0789152004141376
7604,13.0,1.0,1.0805373625736319
7605,12.0,1.0,1.1150487492919414
7606,18.0,1.0,1.1475459003160753
7607,12.0,1.0,1.1333498557293984
7608,10.0,1.0,1.0025850634252473
7609,16.0,1.0,0.9412962922134177
7610,13.0,1.0,0.8401194241482627
7611,12.0,0.0,0.0
7612,8.0,0.0,0.0
7613,13.0,0.0,0.0
7614,11.0,0.0,0.0
7615,11.0,0.0,0.0
7616,11.0,0.0,0.0
7617,8.0,0.0,0.0
7618,12.0,0.0,0.0
7619,16.0,0.0,0.0
7620,10.0,0.0,0.0
7621,10.0,0.0,0.0
7622,13.0,0.0,0.0
7623,13.0,0.0,0.0
7624,13.0,0.0,0.0
7625,14.0,0.0,0.0
7626,15.0,0.0,0.0
7627,10.0,0.0,0.0
7628,12.0,0.0,0.0
7629,10.0,0.0,0.0
7630,13.0,0.0,0.0
7631,19.0,0.0,0.0
7632,12.0,0.0,0.0
7633,10.0,0.0,0.0
7634,11.0,0.0,0.0
7635,11.0,0.0,0.0
7636,9.0,0.0,0.0
7637,14.0,0.0,0.0
7638,11.0,0.0,0.0
7639,9.0,0.0,0.0
7640,12.0,0.0,0.0
7641,11.0,0.0,0.0
7642,13.0,0.0,0.0
7643,8.0,0.0,0.0
7644,13.0,0.0,0.0
7645,14.0,0.0,0.0
7646,11.0,0.0,0.0
7647,16.0,0.0,0.0
7648,12.0,0.0,0.0
7649,7.0,0.0,0.0
7650,18.0,0.0,0.0
7651,13.0,0.0,0.0
7652,13.0,0.0,0.0
7653,13.0,0.0,0.0
7654,13.0,0.0,0.0
7655,17.0,0.0,0.0
7656,8.0,0.0,0.0
7657,19.0,0.0,0.0
7658,17.0,0.0,0.0
7659,12.0,0.0,0.0
7660,11.0,0.0,0.0
7661,12.0,0.0,0.0
7662,9.0,0.0,0.0
7663,11.0,0.0,0.0
7664,9.0,0.0,0.0
7665,12.0,0.0,0.0
7666,15.0,0.0,0.0
7667,12.0,0.0,0.0
7668,11.0,0.0,0.0
7669,6.0,0.0,0.0
7670,17.0,0.0,0.0
7671,13.0,0.0,0.0
7672,11.0,1.0,0.2793715953604119
7673,14.0,1.0,0.6360364172698154
7674,7.0,1.0,0.6109795704967919
7675,10.0,1.0,0.6460595489589231
7676,11.0,1.0,0.641891690328378
7677,9.0,1.0,0.6225561999907789
7678,7.0,1.0,0.583838532349086
7679,17.0,1.0,0.6342962139420025
7680,10.0,1.0,0.609592362115684
7681,15.0,1.0,0.6413458452115834
7682,7.0,0.0,0.0
7683,14.0,0.0,0.0
7684,12.0,0.0,0.0
7685,13.0,0.0,0.0
7686,16.0,0.0,0.0
7687,10.0,0.0,0.0
7688,14.0,0.0,0.0
7689,16.0,1.0,0.33387962097131524
7690,13.0,1.0,0.3962706075268702
7691,5.0,1.0,0.4439983544909024
7692,8.0,1.0,0.444392543776602
7693,12.0,1.0,0.45775431981303255
7694,6.0,1.0,0.44716084619881696
7695,21.0,1.0,0.428701026384449
7696,18.0,1.0,0.42271046480113633
7697,10.0,1.0,0.3844277307630748
7698,14.0,2.0,1.5088901978060565
7699,6.0,1.0,1.1700980589129486
7700,9.0,1.0,1.1898661928153962
7701,8.0,1.0,1.178011760335752
7702,13.0,1.0,1.1989587538747544
7703,10.0,1.0,1.1613234131351042
7704,15.0,1.0,1.145352714632402
7705,13.0,1.0,1.149571812489809
7706,11.0,1.0,1.0954767697860355
7707,13.0,1.0,1.1467750022911467
7708,7.0,0.0,0.0
7709,11.0,0.0,0.0
7710,11.0,0.0,0.0
7711,9.0,0.0,0.0
7712,13.0,0.0,0.0
7713,9.0,0.0,0.0
7714,11.0,0.0,0.0
7715,11.0,0.0,0.0
7716,7.0,0.0,0.0
7717,7.0,0.0,0.0
7718,10.0,1.0,0.3338512023441992
7719,4.0,1.0,0.3797450210718021
7720,16.0,1.0,0.417866045756212
7721,16.0,1.0,0.4264975146014807
7722,14.0,1.0,0.4250970217287509
7723,8.0,1.0,0.4332418066634558
7724,10.0,1.0,0.4185470401367736
7725,10.0,1.0,0.42098894988489965
7726,18.0,1.0,0.4071551384740114
7727,17.0,1.0,0.36799792203517195
7728,11.0,0.0,0.0
7729,13.0,0.0,0.0
7730,9.0,0.0,0.0
7731,15.0,0.0,0.0
7732,10.0,0.0,0.0
7733,7.0,0.0,0.0
7734,12.0,0.0,0.0
7735,15.0,0.0,0.0
7736,10.0,0.0,0.0
7737,10.0,0.0,0.0
7738,14.0,0.0,0.0
7739,8.0,0.0,0.0
7740,11.0,0.0,0.0
7741,9.0,0.0,0.0
7742,13.0,0.0,0.0
7743,13.0,0.0,0.0
7744,8.0,0.0,0.0
7745,12.0,0.0,0.0
7746,8.0,0.0,0.0
7747,18.0,0.0,0.0
7748,7.0,0.0,0.0
7749,8.0,0.0,0.0
7750,15.0,0.0,0.0
7751,10.0,0.0,0.0
7752,11.0,0.0,0.0
7753,12.0,1.0,0.4338247771994156
7754,13.0,1.0,0.4919052431302969
7755,18.0,2.0,0.9911393664269916
7756,14.0,2.0,1.0428820416704818
7757,12.0,2.0,1.0762077375917167
7758,7.0,2.0,1.0767981363664167
7759,8.0,2.0,1.0603865960585053
7760,13.0,2.0,1.0522581019390729
7761,22.0,2.0,1.0406548101609332
7762,7.0,2.0,1.023557765471994
7763,11.0,1.0,0.46688580713965955
7764,8.0,1.0,0.4518917331400093
7765,11.0,0.0,0.0
7766,15.0,0.0,0.0
7767,11.0,0.0,0.0
7768,16.0,0.0,0.0
7769,13.0,0.0,0.0
7770,8.0,0.0,0.0
7771,12.0,0.0,0.0
7772,11.0,1.0,0.41981741927980926
7773,12.0,1.0,0.4385520260116978
7774,17.0,1.0,0.4645628535002742
7775,10.0,1.0,0.4713190978864539
7776,9.0,1.0,0.46693181164725556
7777,14.0,1.0,0.4605867998207281
7778,9.0,1.0,0.468221574608743
7779,16.0,1.0,0.4621458536618851
7780,6.0,1.0,0.4555714100015239
7781,11.0,1.0,0.4649727910692977
7782,11.0,1.0,0.6873391235943782
7783,15.0,1.0,0.6945513751153333
7784,11.0,1.0,0.6918437872147032
7785,9.0,1.0,0.709234504750925
7786,9.0,1.0,0.712844646020585
7787,15.0,1.0,0.7147356232632293
7788,14.0,2.0,1.3360277651989452
7789,10.0,2.0,1.329961091178384
7790,15.0,2.0,1.3332174433800077
7791,17.0,3.0,1.7365041944985533
7792,11.0,2.0,1.0924152870729151
7793,8.0,2.0,1.1088216495715737
7794,10.0,2.0,1.1156437117835434
7795,11.0,2.0,1.1224841164481316
7796,10.0,2.0,1.1020989900831146
7797,15.0,2.0,1.1102995140564509
7798,9.0,1.0,0.4637067738571167
7799,10.0,1.0,0.45421874950332425
7800,12.0,1.0,0.44481244836366496
7801,6.0,0.0,0.0
7802,9.0,0.0,0.0
7803,7.0,0.0,0.0
7804,8.0,0.0,0.0
7805,6.0,0.0,0.0
7806,19.0,0.0,0.0
7807,15.0,0.0,0.0
7808,11.0,0.0,0.0
7809,23.0,0.0,0.0
7810,13.0,0.0,0.0
7811,8.0,0.0,0.0
7812,12.0,0.0,0.0
7813,11.0,1.0,0.48330531260135606
7814,15.0,1.0,0.5832377210990481
7815,9.0,1.0,0.6866217723741523
7816,15.0,1.0,0.7611539824558757
7817,9.0,1.0,0.7607642892795499
7818,8.0,1.0,0.7572290081418275
7819,11.0,1.0,0.749965309312729
7820,15.0,1.0,0.7181466446763018
7821,16.0,1.0,0.6903134355361789
7822,11.0,1.0,0.6738455211356286
7823,14.0,0.0,0.0
7824,16.0,0.0,0.0
7825,10.0,0.0,0.0
7826,12.0,0.0,0.0
7827,6.0,0.0,0.0
7828,4.0,0.0,0.0
7829,14.0,0.0,0.0
7830,6.0,0.0,0.0
7831,7.0,0.0,0.0
7832,8.0,0.0,0.0
7833,13.0,1.0,0.6235475104504687
7834,10.0,1.0,0.6433189835143946
7835,10.0,1.0,0.6468250377980098
7836,15.0,1.0,0.6494966873017357
7837,11.0,1.0,0.6489024232276047
7838,7.0,1.0,0.6488048613191593
7839,8.0,1.0,0.64776730988431
7840,14.0,1.0,0.6451056490981264
7841,10.0,1.0,0.6451724703486692
7842,12.0,1.0,0.646151835121044
7843,5.0,0.0,0.0
7844,11.0,0.0,0.0
7845,11.0,0.0,0.0
7846,15.0,0.0,0.0
7847,11.0,0.0,0.0
7848,13.0,0.0,0.0
7849,12.0,0.0,0.0
7850,11.0,0.0,0.0
7851,7.0,1.0,0.4222894043970218
7852,12.0,1.0,0.47208838282619203
7853,12.0,1.0,0.5066785395532071
7854,12.0,1.0,0.5091921582294319
7855,12.0,2.0,0.751961256222669
7856,12.0,2.0,0.7509642860299981
7857,15.0,2.0,0.7501647668502555
7858,10.0,2.0,0.7496547012827235
7859,7.0,2.0,0.7489414380615634
7860,11.0,2.0,0.7479707595483203
7861,16.0,1.0,0.2449994233718656
7862,8.0,1.0,0.24493489160324308
7863,22.0,1.0,0.24471618648469737
7864,12.0,1.0,0.24433981814103983
7865,16.0,0.0,0.0
7866,9.0,0.0,0.0
7867,14.0,0.0,0.0
7868,12.0,0.0,0.0
7869,8.0,1.0,0.6518335892599302
7870,11.0,1.0,0.6692292075023654
7871,12.0,1.0,0.6775855092951829
7872,21.0,1.0,0.6705436759201805
7873,14.0,1.0,0.6608952759897638
7874,9.0,1.0,0.6670412170243727
7875,18.0,1.0,0.6744156529524328
7876,14.0,1.0,0.6753667617813964
7877,15.0,1.0,0.6763132602098845
7878,5.0,1.0,0.6761139802887342
7879,12.0,0.0,0.0
7880,13.0,0.0,0.0
7881,10.0,0.0,0.0
7882,12.0,0.0,0.0
7883,12.0,0.0,0.0
7884,8.0,0.0,0.0
7885,11.0,0.0,0.0
7886,8.0,0.0,0.0
7887,11.0,0.0,0.0
7888,9.0,0.0,0.0
7889,6.0,0.0,0.0
7890,13.0,0.0,0.0
7891,14.0,0.0,0.0
7892,19.0,0.0,0.0
7893,13.0,0.0,0.0
7894,7.0,0.0,0.0
7895,11.0,0.0,0.0
7896,9.0,0.0,0.0
7897,13.0,0.0,0.0
7898,5.0,0.0,0.0
7899,8.0,0.0,0.0
7900,15.0,0.0,0.0
7901,18.0,0.0,0.0
7902,13.0,0.0,0.0
7903,15.0,0.0,0.0
7904,14.0,0.0,0.0
7905,19.0,0.0,0.0
7906,16.0,0.0,0.0
7907,12.0,0.0,0.0
7908,16.0,0.0,0.0
7909,7.0,0.0,0.0
7910,10.0,0.0,0.0
7911,13.0,0.0,0.0
7912,11.0,0.0,0.0
7913,8.0,0.0,0.0
7914,11.0,0.0,0.0
7915,8.0,0.0,0.0
7916,9.0,0.0,0.0
7917,14.0,0.0,0.0
7918,12.0,0.0,0.0
7919,5.0,0.0,0.0
7920,15.0,0.0,0.0
7921,14.0,0.0,0.0
7922,16.0,0.0,0.0
7923,10.0,0.0,0.0
7924,15.0,0.0,0.0
7925,8.0,0.0,0.0
7926,8.0,0.0,0.0
7927,7.0,0.0,0.0
7928,18.0,0.0,0.0
7929,12.0,2.0,0.8814864506318405
7930,14.0,2.0,0.9070933443086835
7931,13.0,2.0,0.8869112307123566
7932,13.0,2.0,0.8842657985830291
7933,9.0,2.0,0.9244992732611448
7934,11.0,2.0,0.9315156635547637
7935,11.0,2.0,0.9455132579724077
7936,13.0,3.0,1.5404735118954147
7937,13.0,3.0,1.4972623825638478
7938,8.0,3.0,1.5105079218699244
7939,10.0,1.0,0.12620124502892135
7940,11.0,1.0,0.35403717750148095
7941,14.0,1.0,0.12901949009368105
7942,15.0,1.0,0.5898855442727263
7943,10.0,1.0,0.5762655278705796
7944,13.0,1.0,0.5865788260129947
7945,17.0,1.0,0.5651742909236773
7946,8.0,0.0,0.0
7947,10.0,0.0,0.0
7948,3.0,0.0,0.0
7949,22.0,0.0,0.0
7950,9.0,0.0,0.0
7951,7.0,0.0,0.0
7952,11.0,0.0,0.0
7953,12.0,0.0,0.0
7954,18.0,0.0,0.0
7955,11.0,0.0,0.0
7956,7.0,0.0,0.0
7957,11.0,0.0,0.0
7958,7.0,0.0,0.0
7959,14.0,0.0,0.0
7960,8.0,0.0,0.0
7961,20.0,0.0,0.0
7962,9.0,0.0,0.0
7963,4.0,0.0,0.0
7964,8.0,0.0,0.0
7965,12.0,0.0,0.0
7966,14.0,0.0,0.0
7967,13.0,0.0,0.0
7968,13.0,0.0,0.0
7969,21.0,0.0,0.0
7970,13.0,0.0,0.0
7971,7.0,0.0,0.0
7972,9.0,0.0,0.0
7973,8.0,0.0,0.0
7974,14.0,0.0,0.0
7975,15.0,0.0,0.0
7976,8.0,0.0,0.0
7977,11.0,0.0,0.0
7978,10.0,0.0,0.0
7979,16.0,0.0,0.0
7980,9.0,0.0,0.0
7981,9.0,0.0,0.0
7982,6.0,0.0,0.0
7983,15.0,0.0,0.0
7984,13.0,0.0,0.0
7985,13.0,0.0,0.0
7986,16.0,0.0,0.0
7987,6.0,0.0,0.0
7988,12.0,0.0,0.0
7989,14.0,0.0,0.0
7990,13.0,0.0,0.0
7991,18.0,0.0,0.0
7992,9.0,0.0,0.0
7993,5.0,0.0,0.0
7994,18.0,0.0,0.0
7995,11.0,0.0,0.0
7996,12.0,0.0,0.0
7997,14.0,0.0,0.0
7998,6.0,0.0,0.0
7999,8.0,0.0,0.0
8000,12.0,0.0,0.0
8001,6.0,0.0,0.0
8002,9.0,0.0,0.0
8003,12.0,0.0,0.0
8004,9.0,0.0,0.0
8005,11.0,0.0,0.0
8006,18.0,0.0,0.0
8007,9.0,0.0,0.0
8008,10.0,0.0,0.0
8009,8.0,0.0,0.0
8010,15.0,0.0,0.0
8011,7.0,0.0,0.0
8012,11.0,0.0,0.0
8013,11.0,0.0,0.0
8014,14.0,0.0,0.0
8015,3.0,0.0,0.0
8016,13.0,1.0,0.24497884325963462
8017,5.0,1.0,0.2618383198191811
8018,9.0,1.0,0.2723210079955038
8019,13.0,1.0,0.27550526383949425
8020,10.0,1.0,0.2730563513096548
8021,11.0,1.0,0.27537555984838874
8022,8.0,1.0,0.2748198819487454
8023,9.0,1.0,0.27264210029724223
8024,13.0,1.0,0.26803767436819326
8025,9.0,1.0,0.26370000716186603
8026,9.0,0.0,0.0
8027,11.0,0.0,0.0
8028,12.0,0.0,0.0
8029,8.0,0.0,0.0
8030,12.0,0.0,0.0
8031,19.0,1.0,0.4250571999221449
8032,12.0,1.0,0.4081260265748227
8033,13.0,1.0,0.40267353937017103
8034,5.0,2.0,1.3260264476725767
8035,11.0,3.0,2.3932240730340193
8036,10.0,3.0,2.466285551893269
8037,10.0,4.0,3.394772141296635
8038,7.0,6.0,4.585928493278985
8039,18.0,6.0,4.744451399149952
8040,11.0,6.0,4.986352664385006
8041,7.0,5.0,4.5255305026060295
8042,12.0,6.0,5.137045474214169
8043,11.0,6.0,5.041823045526314
8044,13.0,5.0,4.171468276110798
8045,10.0,4.0,3.1594502296483
8046,12.0,4.0,3.207483787895832
8047,15.0,3.0,2.236719388029273
8048,7.0,1.0,0.8030669150057398
8049,11.0,1.0,0.7860698916404462
8050,15.0,2.0,1.141755500727257
8051,12.0,2.0,1.164168535546709
8052,16.0,1.0,0.4427813009891226
8053,9.0,1.0,0.4625025849020831
8054,11.0,1.0,0.4925623615404456
8055,16.0,1.0,0.49394155522005145
8056,12.0,2.0,1.2662060643724795
8057,10.0,2.0,1.2395310760954699
8058,12.0,2.0,1.223042059517022
8059,12.0,2.0,1.2367611357066408
8060,8.0,2.0,1.7644380523384244
8061,8.0,2.0,1.8418512436543588
8062,7.0,2.0,1.928551783309941
8063,16.0,2.0,1.9607570218443495
8064,7.0,2.0,1.9869065788944131
8065,10.0,2.0,2.0030913349677792
8066,20.0,1.0,1.1894633976695477
8067,10.0,1.0,1.0135335359366486
8068,18.0,1.0,0.8535311197933984
8069,13.0,1.0,0.7416787683827123
8070,12.0,0.0,0.0
8071,14.0,0.0,0.0
8072,15.0,0.0,0.0
8073,15.0,0.0,0.0
8074,20.0,0.0,0.0
8075,14.0,0.0,0.0
8076,14.0,0.0,0.0
8077,10.0,0.0,0.0
8078,5.0,0.0,0.0
8079,10.0,0.0,0.0
8080,19.0,0.0,0.0
8081,14.0,0.0,0.0
8082,10.0,0.0,0.0
8083,7.0,0.0,0.0
8084,9.0,0.0,0.0
8085,8.0,0.0,0.0
8086,10.0,0.0,0.0
8087,9.0,0.0,0.0
8088,11.0,0.0,0.0
8089,11.0,0.0,0.0
8090,9.0,0.0,0.0
8091,16.0,0.0,0.0
8092,13.0,0.0,0.0
8093,8.0,0.0,0.0
8094,8.0,0.0,0.0
8095,9.0,0.0,0.0
8096,12.0,0.0,0.0
8097,7.0,0.0,0.0
8098,8.0,0.0,0.0
8099,17.0,0.0,0.0
8100,13.0,0.0,0.0
8101,12.0,0.0,0.0
8102,2.0,0.0,0.0
8103,9.0,0.0,0.0
8104,12.0,0.0,0.0
8105,13.0,0.0,0.0
8106,11.0,0.0,0.0
8107,11.0,0.0,0.0
8108,12.0,0.0,0.0
8109,13.0,0.0,0.0
8110,14.0,0.0,0.0
8111,11.0,0.0,0.0
8112,15.0,0.0,0.0
8113,9.0,0.0,0.0
8114,15.0,0.0,0.0
8115,17.0,0.0,0.0
8116,11.0,0.0,0.0
8117,17.0,0.0,0.0
8118,17.0,0.0,0.0
8119,17.0,0.0,0.0
8120,8.0,0.0,0.0
8121,8.0,0.0,0.0
8122,12.0,0.0,0.0
8123,15.0,0.0,0.0
8124,5.0,0.0,0.0
8125,10.0,0.0,0.0
8126,6.0,0.0,0.0
8127,8.0,0.0,0.0
8128,8.0,0.0,0.0
8129,16.0,0.0,0.0
8130,13.0,0.0,0.0
8131,12.0,0.0,0.0
8132,10.0,0.0,0.0
8133,16.0,0.0,0.0
8134,11.0,0.0,0.0
8135,10.0,0.0,0.0
8136,12.0,0.0,0.0
8137,13.0,0.0,0.0
8138,5.0,0.0,0.0
8139,13.0,0.0,0.0
8140,12.0,0.0,0.0
8141,11.0,0.0,0.0
8142,6.0,0.0,0.0
8143,12.0,0.0,0.0
8144,13.0,1.0,0.8194753399374575
8145,16.0,1.0,0.9296952678031931
8146,15.0,1.0,1.0159617178864322
8147,12.0,1.0,1.0296942277803423
8148,11.0,1.0,0.9989261213949047
8149,13.0,1.0,1.0396623195391685
8150,11.0,1.0,1.0860599843753378
8151,18.0,1.0,1.08607809097406
8152,18.0,1.0,1.0621489846929393
8153,12.0,1.0,1.026541068216401
8154,13.0,0.0,0.0
8155,15.0,0.0,0.0
8156,13.0,0.0,0.0
8157,10.0,0.0,0.0
8158,13.0,0.0,0.0
8159,12.0,0.0,0.0
8160,9.0,0.0,0.0
8161,10.0,0.0,0.0
8162,10.0,0.0,0.0
8163,8.0,1.0,0.3406215270206637
8164,9.0,1.0,0.3567750862615921
8165,11.0,1.0,0.3867488384659902
8166,15.0,2.0,0.8522135789157397
8167,7.0,2.0,0.8831745540740834
8168,19.0,2.0,0.8616118894049505
8169,14.0,2.0,0.811128253154574
8170,8.0,2.0,0.7735451646496581
8171,12.0,2.0,0.774455715258386
8172,12.0,2.0,0.7000932943959973
8173,19.0,1.0,0.310593488222085
8174,17.0,1.0,0.23304013863061307
8175,6.0,1.0,0.23597712995688758
8176,15.0,0.0,0.0
8177,10.0,0.0,0.0
8178,10.0,0.0,0.0
8179,16.0,1.0,0.5785638931744208
8180,14.0,1.0,0.5635004486679221
8181,11.0,1.0,0.5735687911009404
8182,7.0,1.0,0.5940502458311648
8183,13.0,1.0,0.6054729279959304
8184,14.0,1.0,0.5929683995633991
8185,10.0,1.0,0.575435088530186
8186,16.0,1.0,0.5687476207892163
8187,12.0,1.0,0.5401657787512263
8188,13.0,1.0,0.39502937279033135
8189,10.0,0.0,0.0
8190,12.0,0.0,0.0
8191,13.0,0.0,0.0
8192,18.0,0.0,0.0
8193,4.0,0.0,0.0
8194,11.0,0.0,0.0
8195,12.0,1.0,1.1917368444370355
8196,10.0,2.0,1.6780109841787563
8197,16.0,2.0,1.693783504839765
8198,9.0,2.0,1.7337403127345965
8199,5.0,2.0,1.7979363718792636
8200,9.0,2.0,1.823632038854055
8201,10.0,2.0,1.7809412571647543
8202,16.0,2.0,1.7375590837540524
8203,15.0,2.0,1.741335499981342
8204,9.0,3.0,2.412046202527998
8205,14.0,2.0,1.1689209571678751
8206,14.0,1.0,0.7836232403048897
8207,13.0,1.0,0.7911351882601731
8208,8.0,1.0,0.7974520070540858
8209,10.0,1.0,0.7957824736057934
8210,9.0,1.0,0.7945346301834039
8211,17.0,1.0,0.783311065421598
8212,17.0,1.0,0.7468364150635596
8213,11.0,1.0,0.716519198572374
8214,7.0,0.0,0.0
8215,14.0,0.0,0.0
8216,14.0,0.0,0.0
8217,9.0,0.0,0.0
8218,6.0,0.0,0.0
8219,14.0,0.0,0.0
8220,9.0,0.0,0.0
8221,9.0,0.0,0.0
8222,11.0,0.0,0.0
8223,12.0,0.0,0.0
8224,13.0,0.0,0.0
8225,8.0,0.0,0.0
8226,14.0,0.0,0.0
8227,11.0,0.0,0.0
8228,12.0,0.0,0.0
8229,6.0,0.0,0.0
8230,11.0,0.0,0.0
8231,14.0,0.0,0.0
8232,10.0,0.0,0.0
8233,12.0,0.0,0.0
8234,12.0,0.0,0.0
8235,11.0,0.0,0.0
8236,14.0,0.0,0.0
8237,9.0,0.0,0.0
8238,13.0,0.0,0.0
8239,15.0,0.0,0.0
8240,12.0,0.0,0.0
8241,13.0,0.0,0.0
8242,10.0,0.0,0.0
8243,13.0,0.0,0.0
8244,15.0,0.0,0.0
8245,16.0,0.0,0.0
8246,8.0,0.0,0.0
8247,10.0,0.0,0.0
8248,15.0,0.0,0.0
8249,13.0,2.0,2.0139057163642997
8250,6.0,2.0,2.032027286300175
8251,15.0,2.0,2.068013058191998
8252,4.0,2.0,2.063368822478961
8253,13.0,4.0,3.244444902988864
8254,9.0,4.0,3.214539834906741
8255,16.0,4.0,3.2372111557509626
8256,17.0,4.0,3.244716433142715
8257,16.0,4.0,3.214071926514701
8258,15.0,4.0,3.2556665895001626
8259,11.0,2.0,1.203094922245164
8260,16.0,2.0,1.1883137780635589
8261,7.0,2.0,1.1723227593366499
8262,12.0,2.0,1.1454386661591474
8263,7.0,0.0,0.0
8264,17.0,0.0,0.0
8265,17.0,0.0,0.0
8266,11.0,0.0,0.0
8267,12.0,0.0,0.0
8268,11.0,0.0,0.0
8269,12.0,0.0,0.0
8270,11.0,0.0,0.0
8271,15.0,0.0,0.0
8272,12.0,0.0,0.0
8273,14.0,0.0,0.0
8274,11.0,0.0,0.0
8275,11.0,1.0,0.4077236070671317
8276,9.0,1.0,0.5490922240302011
8277,12.0,1.0,0.5882102412104555
8278,14.0,1.0,0.629489307535918
8279,11.0,1.0,0.6321970341820136
8280,14.0,1.0,0.6301289109052282
8281,13.0,1.0,0.6167195275797938
8282,11.0,1.0,0.6140778977057131
8283,12.0,1.0,0.6136499190190785
8284,14.0,1.0,0.6073214331403572
8285,14.0,0.0,0.0
8286,9.0,0.0,0.0
8287,13.0,0.0,0.0
8288,13.0,0.0,0.0
8289,11.0,0.0,0.0
8290,14.0,0.0,0.0
8291,9.0,0.0,0.0
8292,7.0,0.0,0.0
8293,15.0,0.0,0.0
8294,12.0,0.0,0.0
8295,7.0,0.0,0.0
8296,11.0,0.0,0.0
8297,11.0,0.0,0.0
8298,12.0,0.0,0.0
8299,9.0,0.0,0.0
8300,11.0,0.0,0.0
8301,25.0,0.0,0.0
8302,13.0,0.0,0.0
8303,16.0,0.0,0.0
8304,11.0,0.0,0.0
8305,12.0,0.0,0.0
8306,8.0,0.0,0.0
8307,10.0,0.0,0.0
8308,15.0,0.0,0.0
8309,15.0,0.0,0.0
8310,13.0,0.0,0.0
8311,11.0,0.0,0.0
8312,12.0,0.0,0.0
8313,14.0,0.0,0.0
8314,14.0,0.0,0.0
8315,11.0,0.0,0.0
8316,12.0,0.0,0.0
8317,15.0,0.0,0.0
8318,12.0,0.0,0.0
8319,13.0,0.0,0.0
8320,4.0,0.0,0.0
8321,16.0,0.0,0.0
8322,6.0,0.0,0.0
8323,14.0,0.0,0.0
8324,9.0,0.0,0.0
8325,9.0,0.0,0.0
8326,16.0,0.0,0.0
8327,9.0,0.0,0.0
8328,7.0,0.0,0.0
8329,9.0,0.0,0.0
8330,8.0,0.0,0.0
8331,9.0,0.0,0.0
8332,12.0,0.0,0.0
8333,7.0,0.0,0.0
8334,14.0,0.0,0.0
8335,12.0,0.0,0.0
8336,10.0,0.0,0.0
8337,6.0,0.0,0.0
8338,17.0,0.0,0.0
8339,5.0,0.0,0.0
8340,14.0,0.0,0.0
8341,8.0,0.0,0.0
8342,18.0,0.0,0.0
8343,12.0,0.0,0.0
8344,16.0,0.0,0.0
8345,9.0,0.0,0.0
8346,13.0,0.0,0.0
8347,11.0,0.0,0.0
8348,3.0,0.0,0.0
8349,5.0,1.0,0.3389319124546967
8350,19.0,1.0,0.3399251551499892
8351,9.0,1.0,0.33994315344757237
8352,10.0,1.0,0.340239839633182
8353,12.0,1.0,0.33964563259310826
8354,7.0,1.0,0.3407842954534633
8355,17.0,1.0,0.3405313583677377
8356,9.0,1.0,0.3408066888313245
8357,11.0,1.0,0.3400007120471485
8358,9.0,1.0,0.33793011809617673
8359,15.0,0.0,0.0
8360,14.0,0.0,0.0
8361,24.0,0.0,0.0
8362,7.0,0.0,0.0
8363,11.0,0.0,0.0
8364,10.0,0.0,0.0
8365,17.0,0.0,0.0
8366,12.0,0.0,0.0
8367,9.0,0.0,0.0
8368,16.0,3.0,1.5846755773216623
8369,18.0,3.0,1.5929270256407058
8370,9.0,3.0,1.5967717969628483
8371,13.0,3.0,1.604054700977732
8372,14.0,3.0,1.60513510360272
8373,10.0,3.0,1.6048580331382718
8374,15.0,3.0,1.5964859360192631
8375,9.0,3.0,1.6010327744939148
8376,7.0,3.0,1.6014425232108649
8377,16.0,3.0,1.5980249137760585
8378,9.0,0.0,0.0
8379,8.0,0.0,0.0
8380,14.0,0.0,0.0
8381,11.0,0.0,0.0
8382,11.0,0.0,0.0
8383,17.0,0.0,0.0
8384,6.0,0.0,0.0
8385,11.0,0.0,0.0
8386,12.0,0.0,0.0
8387,13.0,0.0,0.0
8388,13.0,0.0,0.0
8389,16.0,0.0,0.0
8390,17.0,0.0,0.0
8391,18.0,0.0,0.0
8392,11.0,0.0,0.0
8393,12.0,0.0,0.0
8394,13.0,0.0,0.0
8395,16.0,1.0,0.2876977801341393
8396,18.0,1.0,0.2895985490856562
8397,14.0,1.0,0.28883266492789833
8398,9.0,1.0,0.2896288961002007
8399,13.0,1.0,0.28955282652025804
8400,10.0,1.0,0.289370005212538
8401,4.0,1.0,0.289599344017484
8402,13.0,1.0,0.2891177165403962
8403,10.0,1.0,0.28432610490801846
8404,12.0,1.0,0.2792773894905236
8405,9.0,0.0,0.0
8406,9.0,0.0,0.0
8407,14.0,0.0,0.0
8408,15.0,1.0,0.25033797274957853
8409,17.0,1.0,0.26611184469900173
8410,13.0,1.0,0.28321053696173176
8411,14.0,1.0,0.2942914798009516
8412,18.0,1.0,0.29929639984062034
8413,15.0,1.0,0.2908004290869911
8414,8.0,1.0,0.2891181913919638
8415,13.0,1.0,0.29404678072521845
8416,8.0,2.0,0.5093840562425873
8417,7.0,2.0,0.5124034285299977
8418,9.0,1.0,0.23373779309049814
8419,9.0,1.0,0.24693315576642816
8420,17.0,1.0,0.25184325180045813
8421,7.0,1.0,0.24813285111388905
8422,17.0,1.0,0.24553917174078466
8423,12.0,1.0,0.2418983086894395
8424,23.0,1.0,0.23856661333953855
8425,8.0,1.0,0.23652866790184857
8426,15.0,0.0,0.0
8427,9.0,0.0,0.0
8428,9.0,0.0,0.0
8429,10.0,0.0,0.0
8430,10.0,0.0,0.0
8431,6.0,0.0,0.0
8432,13.0,0.0,0.0
8433,13.0,0.0,0.0
8434,10.0,0.0,0.0
8435,8.0,0.0,0.0
8436,18.0,0.0,0.0
8437,17.0,0.0,0.0
8438,10.0,0.0,0.0
8439,11.0,0.0,0.0
8440,11.0,0.0,0.0
8441,11.0,0.0,0.0
8442,15.0,0.0,0.0
8443,11.0,0.0,0.0
8444,18.0,0.0,0.0
8445,14.0,1.0,0.5504223897781114
8446,6.0,1.0,0.5366417524570011
8447,12.0,1.0,0.5760547605035126
8448,9.0,1.0,0.5823250822858472
8449,11.0,1.0,0.5984223134556481
8450,18.0,1.0,0.5957216369879046
8451,13.0,1.0,0.5878865958984951
8452,11.0,1.0,0.5828441331633429
8453,7.0,1.0,0.5723575994091163
8454,9.0,1.0,0.5540724161011763
8455,8.0,0.0,0.0
8456,11.0,0.0,0.0
8457,13.0,0.0,0.0
8458,9.0,1.0,0.7482437489135618
8459,15.0,1.0,0.787069015093639
8460,8.0,1.0,0.8052085012452171
8461,13.0,3.0,2.167081987450328
8462,10.0,5.0,2.7248439567282148
8463,11.0,5.0,3.1206847283844787
8464,14.0,5.0,3.7244900068733626
8465,6.0,5.0,4.215634176066837
8466,14.0,5.0,4.266239118231637
8467,15.0,5.0,3.9778632280596127
8468,13.0,4.0,3.186855740150867
8469,7.0,4.0,3.0712590048425565
8470,8.0,4.0,3.023617602702222
8471,5.0,3.0,1.88853134427711
8472,13.0,1.0,0.754100975299087
8473,14.0,1.0,0.7630195804700002
8474,14.0,2.0,1.407873921354535
8475,10.0,2.0,1.4445929496090943
8476,8.0,2.0,1.5156138719223673
8477,14.0,3.0,2.379323769925276
8478,14.0,3.0,2.440722667348014
8479,8.0,3.0,2.4521747122221984
8480,9.0,3.0,2.4109228146657835
8481,10.0,4.0,3.4198546631865874
8482,15.0,4.0,3.2881730919379524
8483,17.0,5.0,3.9495823042134037
8484,15.0,6.0,4.458329787900286
8485,8.0,7.0,5.271149349655547
8486,14.0,7.0,5.822490514852966
8487,15.0,7.0,6.538751740901795
8488,9.0,7.0,6.590374019908648
8489,14.0,7.0,6.272635596551977
8490,8.0,7.0,5.948423455109755
8491,14.0,5.0,4.634626931568377
8492,16.0,5.0,4.5994207453393114
8493,10.0,4.0,3.3915848986206636
8494,6.0,2.0,1.6010004904309707
8495,16.0,1.0,0.8983087059827897
8496,13.0,1.0,0.6178804694822158
8497,8.0,0.0,0.0
8498,6.0,0.0,0.0
8499,14.0,0.0,0.0
8500,17.0,0.0,0.0
8501,13.0,0.0,0.0
8502,4.0,0.0,0.0
8503,7.0,0.0,0.0
8504,9.0,0.0,0.0
8505,13.0,0.0,0.0
8506,14.0,0.0,0.0
8507,12.0,0.0,0.0
8508,10.0,0.0,0.0
8509,7.0,0.0,0.0
8510,15.0,1.0,0.22821808886328704
8511,11.0,1.0,0.23180015651053393
8512,18.0,1.0,0.23731319680485702
8513,15.0,1.0,0.23847118060845013
8514,9.0,1.0,0.24342385968118938
8515,12.0,1.0,0.24349095752420133
8516,11.0,1.0,0.24478071402965976
8517,15.0,1.0,0.2349889524618348
8518,10.0,1.0,0.21739960972881528
8519,12.0,1.0,0.1980899863728093
8520,21.0,0.0,0.0
8521,18.0,0.0,0.0
8522,14.0,0.0,0.0
8523,9.0,0.0,0.0
8524,9.0,0.0,0.0
8525,14.0,1.0,0.29352824636906155
8526,8.0,1.0,0.30514520082104
8527,5.0,1.0,0.3083978379526247
8528,16.0,1.0,0.3083952127832225
8529,12.0,1.0,0.30381093997949843
8530,10.0,1.0,0.3023039484931399
8531,9.0,1.0,0.3083311689730507
8532,17.0,1.0,0.3096864806147338
8533,12.0,2.0,0.860164386270671
8534,12.0,2.0,0.8360167223144488
8535,13.0,1.0,0.503240533153035
8536,11.0,1.0,0.5220166265743795
8537,11.0,1.0,0.5430161394909748
8538,19.0,2.0,0.9721271227898522
8539,10.0,2.0,0.9885644840872758
8540,9.0,2.0,1.01555561238622
8541,16.0,2.0,1.0180152672164677
8542,13.0,2.0,1.0229350300863589
8543,15.0,1.0,0.46662860355607033
8544,13.0,1.0,0.47182834573347354
8545,11.0,1.0,0.46892864623409103
8546,10.0,2.0,0.9597688322447755
8547,12.0,2.0,0.9653494992446805
8548,11.0,1.0,0.518008451984699
8549,11.0,2.0,0.8334800804287819
8550,12.0,2.0,0.8262056480428903
8551,19.0,2.0,0.8419548948878683
8552,6.0,2.0,0.8320147932005255
8553,16.0,2.0,0.8440141672893725
8554,17.0,3.0,1.181882491598852
8555,10.0,4.0,1.3298263187900785
8556,12.0,3.0,0.8701438870570533
8557,12.0,3.0,0.8868711114234128
8558,5.0,4.0,1.3984019370979954
8559,10.0,3.0,1.172686895126228
8560,9.0,3.0,1.2019137902343409
8561,9.0,3.0,1.1861223683437703
8562,14.0,3.0,1.0803231962448776
8563,16.0,3.0,1.1094099751612743
8564,10.0,2.0,0.6900358111204843
8565,11.0,1.0,0.614911628096255
8566,12.0,1.0,0.6220187426072326
8567,11.0,2.0,0.9058047838039147
8568,11.0,1.0,0.2728916720949938
8569,15.0,1.0,0.2728176628765995
8570,7.0,1.0,0.2780868036511599
8571,18.0,2.0,0.5047204840752963
8572,22.0,2.0,0.5187427524108309
8573,17.0,2.0,0.5204751412687139
8574,18.0,2.0,0.5406649605084864
8575,15.0,2.0,0.5370981055292035
8576,15.0,2.0,0.5282850593029129
8577,18.0,1.0,0.25633240489880005
8578,15.0,2.0,0.9496056370643489
8579,12.0,2.0,1.0085916611638008
8580,10.0,2.0,1.0739681481188952
8581,9.0,1.0,0.8767933110059134
8582,11.0,1.0,0.7592886133876726
8583,13.0,1.0,0.7407617850905663
8584,10.0,1.0,0.8533065219362153
8585,8.0,1.0,0.9343672957522376
8586,10.0,1.0,0.9552142960982409
8587,9.0,1.0,0.7962315392757093
8588,12.0,0.0,0.0
8589,15.0,0.0,0.0
8590,13.0,0.0,0.0
8591,15.0,0.0,0.0
8592,14.0,0.0,0.0
8593,12.0,0.0,0.0
8594,11.0,0.0,0.0
8595,19.0,0.0,0.0
8596,15.0,0.0,0.0
8597,15.0,0.0,0.0
8598,10.0,0.0,0.0
8599,13.0,0.0,0.0
8600,12.0,0.0,0.0
8601,12.0,0.0,0.0
8602,11.0,0.0,0.0
8603,6.0,0.0,0.0
8604,10.0,0.0,0.0
8605,16.0,0.0,0.0
8606,16.0,1.0,1.0896081249798362
8607,9.0,1.0,1.1723873759484642
8608,15.0,1.0,1.1564814425720087
8609,10.0,3.0,1.735177447612973
8610,12.0,3.0,1.6732329256806269
8611,14.0,3.0,1.7367425910415133
8612,11.0,3.0,1.7470354736475981
8613,15.0,3.0,1.7978690298199207
8614,19.0,3.0,1.8344932415665052
8615,14.0,4.0,2.1149592061018727
8616,6.0,3.0,1.1140162498672388
8617,14.0,3.0,1.1785526603221244
8618,15.0,3.0,1.1991976574920393
8619,12.0,1.0,0.46650766653899595
8620,12.0,1.0,0.5217900107014167
8621,13.0,1.0,0.5015290951667364
8622,12.0,1.0,0.407653702152894
8623,18.0,1.0,0.2601935876456017
8624,16.0,1.0,0.45783156981455175
8625,21.0,0.0,0.0
8626,9.0,0.0,0.0
8627,12.0,0.0,0.0
8628,13.0,0.0,0.0
8629,9.0,0.0,0.0
8630,15.0,0.0,0.0
8631,14.0,0.0,0.0
8632,10.0,0.0,0.0
8633,8.0,0.0,0.0
8634,10.0,0.0,0.0
8635,17.0,0.0,0.0
8636,18.0,0.0,0.0
8637,18.0,0.0,0.0
8638,15.0,0.0,0.0
8639,17.0,0.0,0.0
8640,15.0,0.0,0.0
8641,14.0,0.0,0.0
8642,9.0,0.0,0.0
8643,6.0,0.0,0.0
8644,15.0,1.0,0.11646447497065385
8645,13.0,1.0,0.11595629927538699
8646,12.0,1.0,0.12388761931145598
8647,8.0,1.0,0.11987649763366048
8648,8.0,1.0,0.12286315065322075
8649,7.0,1.0,0.12487629876054658
8650,8.0,2.0,0.6746833872790914
8651,14.0,2.0,0.7865115447994488
8652,6.0,2.0,0.769824653633446
8653,8.0,2.0,0.8729127737443045
8654,11.0,1.0,0.733053029080046
8655,12.0,1.0,0.7182819681926156
8656,11.0,1.0,0.7719878053660009
8657,10.0,1.0,0.6917684994320021
8658,10.0,1.0,0.6496044014157067
8659,15.0,1.0,0.6244872838805705
8660,11.0,0.0,0.0
8661,9.0,0.0,0.0
8662,18.0,0.0,0.0
8663,13.0,0.0,0.0
8664,10.0,0.0,0.0
8665,10.0,0.0,0.0
8666,10.0,0.0,0.0
8667,18.0,0.0,0.0
8668,14.0,0.0,0.0
8669,16.0,0.0,0.0
8670,12.0,0.0,0.0
8671,17.0,0.0,0.0
8672,10.0,0.0,0.0
8673,11.0,1.0,0.2993731965590742
8674,9.0,1.0,0.30550286258612763
8675,12.0,1.0,0.3161399970915834
8676,15.0,1.0,0.3221092746973149
8677,8.0,1.0,0.33420564789426427
8678,12.0,1.0,0.3353066734693788
8679,15.0,1.0,0.3251495833187016
8680,11.0,1.0,0.31421972641059287
8681,15.0,1.0,0.28581588059801694
8682,13.0,1.0,0.2851510374793552
8683,13.0,0.0,0.0
8684,12.0,0.0,0.0
8685,8.0,0.0,0.0
8686,13.0,1.0,0.25666639488836795
8687,10.0,1.0,0.2163395472945273
8688,15.0,1.0,0.31564070130224237
8689,9.0,1.0,0.3043771137408342
8690,8.0,1.0,0.3094938038328704
8691,17.0,1.0,0.2759930912590583
8692,15.0,1.0,0.30328778772801734
8693,10.0,1.0,0.26154733113240625
8694,12.0,1.0,0.19605160245743253
8695,11.0,1.0,0.18994282116381925
8696,10.0,0.0,0.0
8697,15.0,0.0,0.0
8698,18.0,1.0,0.4518046500038329
8699,9.0,1.0,0.453336045009783
8700,16.0,1.0,0.45454470800619745
8701,21.0,1.0,0.45459047872075004
8702,14.0,1.0,0.45549694800079654
8703,13.0,1.0,0.4554920746990346
8704,8.0,1.0,0.45518151292472186
8705,17.0,1.0,0.4539854386013401
8706,16.0,1.0,0.453794343399022
8707,11.0,1.0,0.45251236440265874
8708,18.0,0.0,0.0
8709,10.0,0.0,0.0
8710,20.0,0.0,0.0
8711,12.0,1.0,0.68750206565149
8712,18.0,1.0,0.7456983348436917
8713,12.0,1.0,0.8231175832055575
8714,17.0,1.0,0.6963673023733429
8715,13.0,1.0,0.9378659443680785
8716,17.0,1.0,0.8720511916147146
8717,9.0,1.0,0.8482890469027925
8718,15.0,1.0,0.799535594237305
8719,11.0,1.0,0.8422351971292934
8720,14.0,1.0,0.7614432933595852
8721,11.0,0.0,0.0
8722,10.0,0.0,0.0
8723,11.0,0.0,0.0
8724,9.0,0.0,0.0
8725,15.0,0.0,0.0
8726,14.0,0.0,0.0
8727,9.0,1.0,0.6772706417588222
8728,9.0,1.0,0.7727577696294087
8729,10.0,1.0,0.6864780233401612
8730,11.0,1.0,0.8059085952622981
8731,11.0,2.0,1.830142711322895
8732,15.0,2.0,1.936193661686656
8733,16.0,2.0,1.9340975266204645
8734,12.0,2.0,1.9936958810283723
8735,17.0,2.0,1.9258330769525993
8736,14.0,2.0,1.9108424858239959
8737,17.0,1.0,1.1021818522010527
8738,11.0,2.0,2.1028293178330273
8739,5.0,2.0,2.0300639705495884
8740,9.0,3.0,2.2235310173935057
8741,7.0,2.0,1.1161761799545111
8742,15.0,2.0,1.307518818459989
8743,17.0,2.0,1.2747014436155408
8744,11.0,2.0,1.3078126259810878
8745,18.0,2.0,1.2986301158687938
8746,13.0,2.0,1.2452861695449775
8747,12.0,2.0,1.2788802545645561
8748,12.0,1.0,0.27886692092700976
8749,9.0,1.0,0.27275413546233457
8750,12.0,0.0,0.0
8751,16.0,0.0,0.0
8752,12.0,0.0,0.0
8753,6.0,0.0,0.0
8754,13.0,0.0,0.0
8755,10.0,0.0,0.0
8756,14.0,0.0,0.0
8757,10.0,0.0,0.0
8758,12.0,0.0,0.0
8759,15.0,0.0,0.0
8760,11.0,0.0,0.0
8761,15.0,0.0,0.0
8762,14.0,1.0,0.8918985408047779
8763,13.0,1.0,0.8596334656296633
8764,7.0,1.0,0.8207313790187596
8765,12.0,1.0,0.9254785947273559
8766,14.0,1.0,0.8670569334333427
8767,11.0,1.0,0.8638149398703614
8768,6.0,1.0,0.8044096223660845
8769,11.0,1.0,0.8412627006551914
8770,11.0,1.0,0.6202236415684333
8771,9.0,1.0,0.7109953968992393
8772,9.0,0.0,0.0
8773,14.0,1.0,0.6403425602436604
8774,10.0,1.0,0.6907775645715989
8775,6.0,2.0,1.265173960482475
8776,21.0,2.0,1.319750662977698
8777,11.0,2.0,1.3532810342111965
8778,12.0,2.0,1.3690085693643015
8779,17.0,4.0,2.3463083908257794
8780,10.0,4.0,2.3610046340003925
8781,17.0,6.0,4.179504925241691
8782,11.0,6.0,4.189170632134789
8783,11.0,5.0,3.602086911781305
8784,10.0,5.0,3.661315327587376
8785,17.0,7.0,4.811524758698017
8786,12.0,9.0,5.940949550979805
8787,12.0,9.0,5.873332100635061
8788,10.0,9.0,5.675841484914474
8789,7.0,7.0,4.697028863594474
8790,12.0,7.0,4.6433460950752945
8791,7.0,8.0,5.695168480772988
8792,18.0,9.0,6.5763184096375396
8793,13.0,9.0,6.605633725111264
8794,7.0,9.0,6.533469610334532
8795,16.0,7.0,5.652392460853899
8796,16.0,5.0,4.649515372151063
8797,10.0,5.0,4.695882320756209
8798,17.0,5.0,4.7025063239568965
8799,12.0,5.0,4.635235152326563
8800,14.0,5.0,4.489995635946931
8801,6.0,4.0,3.3432560370576545
8802,23.0,3.0,2.622168925458786
8803,15.0,3.0,2.547222333572531
8804,9.0,3.0,2.5826119536888426
8805,15.0,2.0,1.6749143431722238
8806,15.0,2.0,1.6996343482715148
8807,12.0,2.0,1.6834375261555286
8808,4.0,2.0,1.6184419808238832
8809,11.0,2.0,1.5836279106612259
8810,17.0,2.0,1.5376755191148819
8811,11.0,0.0,0.0
8812,10.0,0.0,0.0
8813,10.0,0.0,0.0
8814,15.0,0.0,0.0
8815,13.0,0.0,0.0
8816,13.0,0.0,0.0
8817,12.0,0.0,0.0
8818,5.0,0.0,0.0
8819,10.0,0.0,0.0
8820,12.0,0.0,0.0
8821,5.0,0.0,0.0
8822,14.0,0.0,0.0
8823,15.0,0.0,0.0
8824,18.0,0.0,0.0
8825,13.0,0.0,0.0
8826,7.0,0.0,0.0
8827,9.0,0.0,0.0
8828,12.0,0.0,0.0
8829,15.0,0.0,0.0
8830,19.0,0.0,0.0
8831,15.0,0.0,0.0
8832,16.0,0.0,0.0
8833,8.0,1.0,0.3174232749550622
8834,9.0,1.0,0.38592010808625155
8835,17.0,1.0,0.42064168976976424
8836,17.0,1.0,0.4423567523008728
8837,5.0,1.0,0.45398761489088274
8838,15.0,1.0,0.4521488639119684
8839,7.0,1.0,0.44197930430996485
8840,15.0,1.0,0.4318528490502083
8841,10.0,1.0,0.4237516308592652
8842,10.0,1.0,0.42001069891321335
8843,13.0,0.0,0.0
8844,7.0,0.0,0.0
8845,19.0,0.0,0.0
8846,10.0,0.0,0.0
8847,11.0,0.0,0.0
8848,12.0,0.0,0.0
8849,9.0,0.0,0.0
8850,7.0,0.0,0.0
8851,10.0,0.0,0.0
8852,12.0,0.0,0.0
8853,12.0,1.0,0.21305677783079197
8854,8.0,1.0,0.22228604200535462
8855,13.0,1.0,0.22573066190396043
8856,9.0,1.0,0.22949069666851357
8857,13.0,1.0,0.23181530332072528
8858,13.0,1.0,0.2346324754852617
8859,8.0,1.0,0.2342582554960044
8860,12.0,1.0,0.23192958705667688
8861,8.0,1.0,0.22374919380689845
8862,10.0,1.0,0.21385872947817522
8863,10.0,0.0,0.0
8864,19.0,0.0,0.0
8865,9.0,0.0,0.0
8866,12.0,0.0,0.0
8867,10.0,0.0,0.0
8868,6.0,0.0,0.0
8869,12.0,0.0,0.0
8870,17.0,0.0,0.0
8871,10.0,0.0,0.0
8872,9.0,0.0,0.0
8873,12.0,0.0,0.0
8874,8.0,0.0,0.0
8875,11.0,0.0,0.0
8876,14.0,1.0,0.7152911067950143
8877,6.0,1.0,0.7467111437431095
8878,22.0,1.0,0.7531600470891173
8879,15.0,1.0,0.7654552122283242
8880,16.0,1.0,0.7577696265415492
8881,11.0,1.0,0.7539898609180884
8882,13.0,1.0,0.7514983281809171
8883,12.0,1.0,0.7526179979282247
8884,6.0,1.0,0.7032100800679629
8885,15.0,1.0,0.7022604790178576
8886,13.0,0.0,0.0
8887,12.0,0.0,0.0
8888,8.0,0.0,0.0
8889,12.0,0.0,0.0
8890,12.0,0.0,0.0
8891,11.0,0.0,0.0
8892,6.0,0.0,0.0
8893,13.0,0.0,0.0
8894,12.0,1.0,0.08608055892566444
8895,11.0,1.0,0.2640666427697087
8896,8.0,1.0,0.3308327780358082
8897,11.0,1.0,0.33764333674554575
8898,10.0,1.0,0.37437586223814884
8899,14.0,1.0,0.37746399692299976
8900,14.0,1.0,0.32835242360136285
8901,12.0,1.0,0.38838875531148315
8902,16.0,1.0,0.3549330403232515
8903,18.0,1.0,0.2623653856543281
8904,12.0,0.0,0.0
8905,11.0,0.0,0.0
8906,9.0,0.0,0.0
8907,12.0,0.0,0.0
8908,10.0,0.0,0.0
8909,16.0,0.0,0.0
8910,10.0,1.0,0.2538753563466358
8911,10.0,1.0,0.2690314115934215
8912,18.0,1.0,0.27003803150484074
8913,8.0,1.0,0.2725756222320425
8914,12.0,2.0,1.2879866452752577
8915,18.0,2.0,1.271793121891636
8916,14.0,2.0,1.247428133103069
8917,13.0,2.0,1.2326834529128297
8918,11.0,2.0,1.2646557317599234
8919,10.0,2.0,1.2461916367466241
8920,13.0,1.0,1.0116127182048273
8921,16.0,1.0,0.9246343486994465
8922,12.0,1.0,0.9541647838111285
8923,6.0,1.0,0.9372993467944745
8924,12.0,0.0,0.0
8925,9.0,0.0,0.0
8926,10.0,0.0,0.0
8927,11.0,0.0,0.0
8928,8.0,0.0,0.0
8929,12.0,0.0,0.0
8930,8.0,0.0,0.0
8931,13.0,0.0,0.0
8932,12.0,0.0,0.0
8933,16.0,1.0,0.7302787334595681
8934,20.0,1.0,0.7473055236537002
8935,8.0,1.0,0.7532965970620858
8936,17.0,2.0,1.7973832882193026
8937,13.0,2.0,1.7236320819462392
8938,13.0,2.0,1.8485685866158095
8939,12.0,3.0,2.324451993257514
8940,12.0,3.0,2.2505171495592267
8941,7.0,3.0,2.410206568010813
8942,10.0,4.0,3.2693414458480263
8943,17.0,5.0,4.781009891425326
8944,13.0,5.0,5.0293989173009965
8945,15.0,7.0,6.47685285230629
8946,11.0,8.0,7.028626495083576
8947,7.0,8.0,7.087057487330888
8948,16.0,8.0,7.064976575671208
8949,16.0,7.0,6.497353700452867
8950,16.0,7.0,6.4790911143047065
8951,15.0,7.0,6.421766796253563
8952,5.0,6.0,5.450508413454137
8953,12.0,5.0,3.481433956200914
8954,11.0,5.0,3.4348678800174945
8955,12.0,3.0,2.0465310541900292
8956,21.0,1.0,0.6649290476534001
8957,15.0,1.0,0.6657441240715523
8958,9.0,1.0,0.6549657160070284
8959,16.0,1.0,0.6595708935722169
8960,15.0,1.0,0.6608025691007053
8961,10.0,1.0,0.6353573691653381
8962,10.0,1.0,0.624538361430708
8963,8.0,0.0,0.0
8964,11.0,0.0,0.0
8965,9.0,0.0,0.0
8966,7.0,0.0,0.0
8967,13.0,0.0,0.0
8968,7.0,0.0,0.0
8969,10.0,0.0,0.0
8970,8.0,0.0,0.0
8971,11.0,0.0,0.0
8972,13.0,0.0,0.0
8973,14.0,0.0,0.0
8974,14.0,0.0,0.0
8975,15.0,0.0,0.0
8976,13.0,0.0,0.0
8977,12.0,0.0,0.0
8978,6.0,0.0,0.0
8979,12.0,0.0,0.0
8980,8.0,0.0,0.0
8981,17.0,0.0,0.0
8982,8.0,0.0,0.0
8983,11.0,0.0,0.0
8984,15.0,0.0,0.0
8985,10.0,0.0,0.0
8986,11.0,0.0,0.0
8987,12.0,0.0,0.0
8988,12.0,0.0,0.0
8989,12.0,0.0,0.0
8990,9.0,0.0,0.0
8991,17.0,0.0,0.0
8992,8.0,0.0,0.0
8993,11.0,0.0,0.0
8994,10.0,0.0,0.0
8995,15.0,0.0,0.0
8996,10.0,0.0,0.0
8997,12.0,0.0,0.0
8998,13.0,0.0,0.0
8999,7.0,0.0,0.0
9000,19.0,1.0,0.6966362427455915
9001,8.0,1.0,0.7340071828837282
9002,13.0,1.0,0.7445074688685506
9003,10.0,1.0,0.7148189686043183
9004,8.0,1.0,0.7080861507026578
9005,10.0,1.0,0.7324559222964655
9006,14.0,1.0,0.76364108663945
9007,9.0,1.0,0.7545639323119772
9008,18.0,1.0,0.7126314192226618
9009,8.0,1.0,0.6734817121689732
9010,13.0,0.0,0.0
9011,10.0,0.0,0.0
9012,14.0,0.0,0.0
9013,9.0,0.0,0.0
9014,15.0,0.0,0.0
9015,14.0,0.0,0.0
9016,12.0,0.0,0.0
9017,9.0,0.0,0.0
9018,8.0,0.0,0.0
9019,17.0,0.0,0.0
9020,10.0,0.0,0.0
9021,7.0,0.0,0.0
9022,17.0,0.0,0.0
9023,9.0,0.0,0.0
9024,17.0,0.0,0.0
9025,5.0,0.0,0.0
9026,12.0,0.0,0.0
9027,12.0,0.0,0.0
9028,13.0,0.0,0.0
9029,13.0,0.0,0.0
9030,11.0,0.0,0.0
9031,16.0,0.0,0.0
9032,6.0,1.0,0.4369741147573575
9033,10.0,1.0,0.47927774305719273
9034,19.0,1.0,0.4966035667030005
9035,17.0,1.0,0.49819904672872917
9036,8.0,1.0,0.4979890969771313
9037,8.0,1.0,0.5021952400780918
9038,13.0,1.0,0.5030528300774524
9039,13.0,1.0,0.4886106875776404
9040,17.0,1.0,0.45720990510332427
9041,11.0,1.0,0.39500101572372026
9042,8.0,0.0,0.0
9043,14.0,0.0,0.0
9044,15.0,0.0,0.0
9045,18.0,0.0,0.0
9046,6.0,0.0,0.0
9047,9.0,0.0,0.0
9048,11.0,0.0,0.0
9049,14.0,0.0,0.0
9050,11.0,0.0,0.0
9051,5.0,0.0,0.0
9052,5.0,0.0,0.0
9053,14.0,0.0,0.0
9054,14.0,1.0,0.32502548852010205
9055,15.0,1.0,0.32179654421021237
9056,12.0,1.0,0.31776702543854934
9057,13.0,1.0,0.3233479020894488
9058,12.0,2.0,0.8091502925787826
9059,14.0,2.0,0.8342416886577524
9060,9.0,2.0,0.8350272726094421
9061,11.0,2.0,0.8297080334437287
9062,14.0,2.0,0.8301247934123338
9063,12.0,2.0,0.8241004972307833
9064,20.0,1.0,0.5133652225478403
9065,12.0,1.0,0.5082796144421418
9066,12.0,1.0,0.49915697954588595
9067,15.0,1.0,0.4957116824100218
9068,14.0,0.0,0.0
9069,8.0,0.0,0.0
9070,8.0,0.0,0.0
9071,11.0,0.0,0.0
9072,13.0,0.0,0.0
9073,14.0,0.0,0.0
9074,11.0,0.0,0.0
9075,13.0,0.0,0.0
9076,18.0,0.0,0.0
9077,16.0,0.0,0.0
9078,14.0,0.0,0.0
9079,12.0,0.0,0.0
9080,8.0,0.0,0.0
9081,14.0,0.0,0.0
9082,12.0,0.0,0.0
9083,4.0,0.0,0.0
9084,16.0,0.0,0.0
9085,12.0,0.0,0.0
9086,8.0,0.0,0.0
9087,13.0,0.0,0.0
9088,6.0,0.0,0.0
9089,10.0,0.0,0.0
9090,9.0,0.0,0.0
9091,9.0,0.0,0.0
9092,7.0,0.0,0.0
9093,12.0,1.0,0.9681034277660158
9094,16.0,1.0,0.965144585946677
9095,11.0,1.0,0.9661592116433261
9096,13.0,1.0,0.9660290650470252
9097,8.0,1.0,0.954829387422487
9098,8.0,1.0,0.9510299984805971
9099,10.0,1.0,0.9658319394608835
9100,13.0,2.0,1.388403348687893
9101,9.0,2.0,1.528512696274349
9102,17.0,2.0,1.500565972952209
9103,21.0,1.0,0.3436204439624512
9104,8.0,1.0,0.39855367825119536
9105,12.0,2.0,1.2499738052825897
9106,14.0,2.0,1.284312493161719
9107,18.0,2.0,1.2877948249242817
9108,19.0,2.0,1.228782394807458
9109,8.0,2.0,1.3103966669941836
9110,14.0,2.0,1.2546155677695665
9111,13.0,2.0,1.2794837736070686
9112,17.0,2.0,1.2748167238435901
9113,8.0,2.0,1.2663538307703752
9114,8.0,2.0,1.260702975653818
9115,6.0,1.0,0.6129401424425029
9116,7.0,1.0,0.611350157897284
9117,7.0,1.0,0.6092137426516789
9118,8.0,2.0,1.4742986694830336
9119,6.0,2.0,1.4891391109328618
9120,11.0,1.0,0.948723006252572
9121,15.0,1.0,0.9717064435448488
9122,17.0,1.0,0.9845926137806393
9123,10.0,1.0,0.9867605684062088
9124,12.0,1.0,0.97120261073303
9125,11.0,1.0,0.920404386823447
9126,13.0,1.0,0.8798861034281691
9127,10.0,1.0,0.8264677293737026
9128,12.0,0.0,0.0
9129,16.0,0.0,0.0
9130,5.0,0.0,0.0
9131,11.0,0.0,0.0
9132,7.0,0.0,0.0
9133,18.0,0.0,0.0
9134,13.0,0.0,0.0
9135,14.0,0.0,0.0
9136,11.0,0.0,0.0
9137,14.0,0.0,0.0
9138,15.0,0.0,0.0
9139,13.0,0.0,0.0
9140,13.0,0.0,0.0
9141,11.0,0.0,0.0
9142,11.0,0.0,0.0
9143,11.0,0.0,0.0
9144,13.0,0.0,0.0
9145,7.0,0.0,0.0
9146,16.0,0.0,0.0
9147,15.0,0.0,0.0
9148,13.0,0.0,0.0
9149,22.0,0.0,0.0
9150,9.0,0.0,0.0
9151,5.0,0.0,0.0
9152,12.0,0.0,0.0
9153,15.0,0.0,0.0
9154,24.0,0.0,0.0
9155,17.0,0.0,0.0
9156,14.0,0.0,0.0
9157,11.0,0.0,0.0
9158,7.0,0.0,0.0
9159,12.0,0.0,0.0
9160,8.0,0.0,0.0
9161,12.0,0.0,0.0
9162,7.0,0.0,0.0
9163,15.0,0.0,0.0
9164,15.0,0.0,0.0
9165,14.0,0.0,0.0
9166,14.0,0.0,0.0
9167,13.0,0.0,0.0
9168,9.0,0.0,0.0
9169,18.0,0.0,0.0
9170,14.0,0.0,0.0
9171,11.0,0.0,0.0
9172,16.0,0.0,0.0
9173,9.0,0.0,0.0
9174,15.0,0.0,0.0
9175,7.0,0.0,0.0
9176,14.0,0.0,0.0
9177,9.0,1.0,0.5748761110021089
9178,14.0,1.0,0.6127078945913028
9179,16.0,1.0,0.6251089092526304
9180,5.0,1.0,0.639999100175364
9181,11.0,1.0,0.616377175388933
9182,13.0,1.0,0.6398539492280916
9183,15.0,1.0,0.6101107372236969
9184,13.0,1.0,0.6150847983343671
9185,14.0,1.0,0.6026504173767665
9186,17.0,1.0,0.5773611857280598
9187,7.0,0.0,0.0
9188,9.0,0.0,0.0
9189,15.0,0.0,0.0
9190,12.0,0.0,0.0
9191,10.0,0.0,0.0
9192,8.0,0.0,0.0
9193,9.0,0.0,0.0
9194,10.0,0.0,0.0
9195,7.0,0.0,0.0
9196,8.0,0.0,0.0
9197,9.0,0.0,0.0
9198,11.0,0.0,0.0
9199,9.0,0.0,0.0
9200,13.0,0.0,0.0
9201,16.0,0.0,0.0
9202,7.0,0.0,0.0
9203,17.0,0.0,0.0
9204,10.0,0.0,0.0
9205,9.0,0.0,0.0
9206,11.0,0.0,0.0
9207,8.0,0.0,0.0
9208,11.0,0.0,0.0
9209,8.0,0.0,0.0
9210,16.0,0.0,0.0
9211,10.0,0.0,0.0
9212,13.0,0.0,0.0
9213,17.0,0.0,0.0
9214,14.0,0.0,0.0
9215,17.0,0.0,0.0
9216,9.0,0.0,0.0
9217,14.0,0.0,0.0
9218,13.0,0.0,0.0
9219,6.0,0.0,0.0
9220,10.0,0.0,0.0
9221,16.0,2.0,1.7662623718575219
9222,13.0,2.0,1.9352820810765687
9223,15.0,2.0,1.9532400697865318
9224,10.0,2.0,1.9529138827726351
9225,11.0,3.0,3.448374016444826
9226,13.0,3.0,3.5604194758808396
9227,11.0,4.0,3.9052747532925203
9228,6.0,4.0,3.9583864314369777
9229,14.0,4.0,3.9623481630085373
9230,14.0,4.0,3.9354831217841455
9231,8.0,2.0,2.055953058447466
9232,20.0,2.0,2.044727087510988
9233,11.0,2.0,1.9938909535989007
9234,13.0,3.0,3.0567085694851652
9235,12.0,2.0,1.4328575858248573
9236,15.0,2.0,1.5036337829368245
9237,11.0,2.0,1.4411109536069189
9238,14.0,2.0,1.3973981456464295
9239,10.0,2.0,1.3833469844832464
9240,12.0,2.0,1.4415671280938689
9241,11.0,2.0,1.4238093749018768
9242,11.0,2.0,1.4562640930022572
9243,10.0,2.0,1.2859572317560966
9244,17.0,1.0,0.2587802661646908
9245,13.0,1.0,0.258063810322365
9246,7.0,2.0,0.6482478183853472
9247,11.0,1.0,0.3969533664567452
9248,10.0,1.0,0.4021079701964829
9249,17.0,1.0,0.3953485407077943
9250,11.0,1.0,0.3969219601991468
9251,11.0,1.0,0.39882733589543473
9252,10.0,1.0,0.4030140282775458
9253,6.0,1.0,0.40138430652899454
9254,16.0,1.0,0.3861722035035458
9255,11.0,1.0,0.35670936706671963
9256,10.0,0.0,0.0
9257,10.0,0.0,0.0
9258,12.0,0.0,0.0
9259,12.0,1.0,0.40543421876676383
9260,15.0,1.0,0.4006494802956853
9261,9.0,1.0,0.41188296559161275
9262,8.0,1.0,0.4169407143833454
9263,16.0,1.0,0.4180604370350356
9264,13.0,1.0,0.41266375004256994
9265,9.0,1.0,0.41342242977175825
9266,14.0,1.0,0.4147895602515311
9267,13.0,1.0,0.4095688375334755
9268,8.0,1.0,0.4010792693189237
9269,16.0,1.0,0.7643077212962289
9270,9.0,1.0,0.8075353302885325
9271,13.0,1.0,0.8400487260230652
9272,15.0,1.0,0.8192799885232369
9273,9.0,2.0,1.6413929632201008
9274,14.0,2.0,1.633664578105241
9275,13.0,2.0,1.665969459215001
9276,15.0,3.0,2.9930256816261203
9277,9.0,3.0,2.920470767090521
9278,14.0,3.0,2.9712857876966234
9279,17.0,2.0,2.160428729864375
9280,10.0,2.0,2.165781373594656
9281,13.0,2.0,2.1664129551858564
9282,13.0,2.0,2.1535490489376263
9283,9.0,1.0,1.3464947855206517
9284,8.0,1.0,1.3595028698219753
9285,12.0,1.0,1.3393827367292999
9286,11.0,1.0,0.7046296207573045
9287,12.0,1.0,0.7537820120665538
9288,10.0,1.0,0.7120291594166404
9289,15.0,1.0,0.7833575398227685
9290,16.0,1.0,0.6467128509540506
9291,8.0,1.0,0.6777793892033048
9292,13.0,2.0,0.7750771743310705
9293,12.0,2.0,1.0694509376058494
9294,16.0,2.0,1.6375895552936126
9295,11.0,3.0,1.8116778416168597
9296,8.0,2.0,0.9976593864129515
9297,6.0,2.0,1.1954707489915046
9298,11.0,2.0,1.1305494085037413
9299,17.0,2.0,1.0975266202968152
9300,15.0,2.0,1.1505221143594353
9301,12.0,2.0,1.0539659645636759
9302,14.0,1.0,0.24259072008994742
9303,11.0,1.0,0.23290600533434153
9304,12.0,1.0,0.20620893437171173
9305,9.0,0.0,0.0
9306,13.0,0.0,0.0
9307,9.0,0.0,0.0
9308,14.0,1.0,0.479586632659187
9309,17.0,1.0,0.5362185915058935
9310,10.0,2.0,0.9785138612554906
9311,15.0,2.0,0.9183620546105163
9312,7.0,2.0,0.4793186717504066
9313,10.0,2.0,0.8026749056171743
9314,10.0,3.0,1.5484513774858266
9315,10.0,3.0,1.6837037464438156
9316,9.0,3.0,1.3834306208212312
9317,13.0,3.0,1.3596610575987575
9318,10.0,2.0,1.2733919635522974
9319,15.0,2.0,1.2714042811362032
9320,15.0,2.0,1.3126068954225754
9321,14.0,2.0,1.3186542341331795
9322,14.0,2.0,1.318025103744098
9323,14.0,2.0,1.2467789944419314
9324,10.0,1.0,0.5828958410261466
9325,14.0,1.0,0.5535502743266089
9326,11.0,1.0,0.5631357221996702
9327,14.0,1.0,0.5867348213868167
9328,10.0,1.0,0.598870763826375
9329,7.0,1.0,0.6046834056557472
9330,17.0,0.0,0.0
9331,12.0,0.0,0.0
9332,13.0,0.0,0.0
9333,16.0,0.0,0.0
9334,8.0,0.0,0.0
9335,10.0,0.0,0.0
9336,12.0,0.0,0.0
9337,10.0,0.0,0.0
9338,6.0,0.0,0.0
9339,11.0,0.0,0.0
9340,12.0,0.0,0.0
9341,14.0,0.0,0.0
9342,16.0,0.0,0.0
9343,9.0,0.0,0.0
9344,7.0,0.0,0.0
9345,8.0,0.0,0.0
9346,14.0,0.0,0.0
9347,13.0,0.0,0.0
9348,16.0,0.0,0.0
9349,14.0,0.0,0.0
9350,8.0,0.0,0.0
9351,21.0,0.0,0.0
9352,11.0,0.0,0.0
9353,12.0,0.0,0.0
9354,16.0,0.0,0.0
9355,12.0,0.0,0.0
9356,16.0,0.0,0.0
9357,16.0,0.0,0.0
9358,13.0,0.0,0.0
9359,12.0,0.0,0.0
9360,21.0,1.0,1.1519623581833254
9361,21.0,1.0,1.103499894812315
9362,10.0,1.0,1.162525347749485
9363,6.0,2.0,2.1595194447155874
9364,20.0,2.0,2.2114191067766047
9365,7.0,2.0,2.2954525764821043
9366,14.0,2.0,2.371894424452226
9367,7.0,2.0,2.318392652832536
9368,15.0,2.0,2.2926354149876467
9369,9.0,2.0,2.2130399182474765
9370,17.0,1.0,1.1086088454886982
9371,16.0,2.0,1.3683500269998983
9372,16.0,3.0,2.669702147280157
9373,16.0,2.0,1.6225112780460753
9374,14.0,3.0,2.18126373568141
9375,15.0,5.0,4.436894933733378
9376,15.0,5.0,4.572042842311307
9377,13.0,5.0,4.550740769692498
9378,12.0,5.0,4.50986131342994
9379,16.0,5.0,4.460741148952037
9380,11.0,5.0,4.415474377865426
9381,12.0,4.0,4.163919424599983
9382,15.0,3.0,2.8037763181561743
9383,12.0,3.0,2.793240021574112
9384,10.0,2.0,2.1381813608484848
9385,11.0,1.0,0.6921880823641527
9386,12.0,1.0,0.7223848400529927
9387,13.0,1.0,0.7309481398086515
9388,11.0,1.0,0.7458096077748902
9389,8.0,1.0,0.7605043193430179
9390,14.0,1.0,0.7632161111399929
9391,11.0,1.0,0.7502130880601519
9392,11.0,1.0,0.7315496493121334
9393,9.0,1.0,0.7023878048508773
9394,7.0,1.0,0.655558366099445
9395,16.0,0.0,0.0
9396,11.0,0.0,0.0
9397,14.0,0.0,0.0
9398,20.0,2.0,0.8590921455261089
9399,18.0,2.0,0.8653630920944817
9400,10.0,2.0,0.8713787804590474
9401,14.0,3.0,1.1642195933833779
9402,15.0,3.0,1.1555372575346312
9403,16.0,3.0,1.1669698234710164
9404,6.0,3.0,1.1700573873096267
9405,8.0,3.0,1.1726152760216306
9406,16.0,3.0,1.1704246195065746
9407,11.0,3.0,1.1689437258533646
9408,14.0,1.0,0.2996607371540613
9409,11.0,1.0,0.3002217776005797
9410,13.0,1.0,0.2952246704441104
9411,13.0,0.0,0.0
9412,12.0,0.0,0.0
9413,9.0,1.0,0.6143899266448895
9414,16.0,1.0,0.6216322451215858
9415,12.0,1.0,0.6266300424425232
9416,15.0,1.0,0.6279594211512921
9417,18.0,1.0,0.6323834420458805
9418,4.0,1.0,0.632446044285696
9419,4.0,1.0,0.6322664630266658
9420,21.0,2.0,1.2137357569580676
9421,9.0,2.0,1.2030642760055343
9422,18.0,2.0,1.1927692280333877
9423,8.0,1.0,0.5862255646556735
9424,11.0,1.0,0.58777419518017
9425,10.0,1.0,0.5870717619141361
9426,10.0,1.0,0.5868568333680413
9427,14.0,1.0,0.5875096802524976
9428,12.0,1.0,0.5875255116484295
9429,7.0,2.0,0.8001253557167038
9430,13.0,1.0,0.2188270142729132
9431,15.0,1.0,0.22401954204787428
9432,14.0,1.0,0.2336577630671395
9433,10.0,1.0,0.23906555859163517
9434,12.0,1.0,0.23825346901373537
9435,15.0,1.0,0.22407818111409716
9436,13.0,2.0,0.7647742269625715
9437,14.0,2.0,0.7823144325263374
9438,12.0,2.0,0.838696643604968
9439,13.0,1.0,0.6151168991473939
9440,9.0,1.0,0.6202127886808222
9441,11.0,1.0,0.608187572431478
9442,10.0,1.0,0.6073882247613284
9443,12.0,1.0,0.5952260865319912
9444,12.0,1.0,0.5766576147599438
9445,7.0,1.0,0.5800396916387994
9446,11.0,0.0,0.0
9447,14.0,0.0,0.0
9448,8.0,0.0,0.0
9449,5.0,0.0,0.0
9450,13.0,0.0,0.0
9451,10.0,0.0,0.0
9452,8.0,0.0,0.0
9453,12.0,1.0,0.907473816780442
9454,12.0,1.0,0.9099278419639176
9455,14.0,1.0,0.907693931265838
9456,17.0,1.0,0.9587885206525493
9457,7.0,1.0,0.9201232949224873
9458,17.0,3.0,2.266500901966272
9459,6.0,3.0,2.2407056704112587
9460,8.0,3.0,2.0944441855886446
9461,11.0,3.0,2.1822584642120613
9462,23.0,3.0,2.2238089047075738
9463,15.0,2.0,1.3520377426595034
9464,14.0,2.0,1.3267160134526033
9465,20.0,2.0,1.2561131152522063
9466,6.0,2.0,1.252918126492527
9467,8.0,2.0,1.2459913753822414
9468,7.0,1.0,0.4210988728114665
9469,12.0,1.0,0.44146649635069773
9470,4.0,1.0,0.43532607465594736
9471,14.0,1.0,0.4395684906346576
9472,13.0,1.0,0.4683893471259126
9473,9.0,1.0,0.45831714394523504
9474,15.0,1.0,0.44938720848071
9475,15.0,1.0,0.4294440227640013
9476,13.0,1.0,0.424891952120094
9477,12.0,1.0,0.40889052023492267
9478,10.0,0.0,0.0
9479,10.0,0.0,0.0
9480,12.0,0.0,0.0
9481,17.0,0.0,0.0
9482,10.0,0.0,0.0
9483,12.0,0.0,0.0
9484,8.0,0.0,0.0
9485,13.0,0.0,0.0
9486,5.0,0.0,0.0
9487,18.0,0.0,0.0
9488,13.0,0.0,0.0
9489,12.0,0.0,0.0
9490,8.0,0.0,0.0
9491,9.0,0.0,0.0
9492,16.0,0.0,0.0
9493,16.0,0.0,0.0
9494,15.0,0.0,0.0
9495,11.0,0.0,0.0
9496,6.0,0.0,0.0
9497,14.0,0.0,0.0
9498,13.0,0.0,0.0
9499,8.0,0.0,0.0
9500,9.0,0.0,0.0
9501,12.0,0.0,0.0
9502,9.0,0.0,0.0
9503,14.0,0.0,0.0
9504,8.0,1.0,0.30011796246456246
9505,11.0,1.0,0.2994326377718254
9506,13.0,2.0,0.47969187113720213
9507,12.0,2.0,0.5044317034588828
9508,16.0,2.0,0.525011671827259
9509,13.0,2.0,0.5465958769691127
9510,13.0,2.0,0.5827651597769974
9511,7.0,2.0,0.5327196184722449
9512,21.0,2.0,0.5050770412599177
9513,15.0,2.0,0.51935287940411
9514,7.0,1.0,0.2702085649782142
9515,13.0,1.0,0.26542262839631825
9516,12.0,0.0,0.0
9517,16.0,0.0,0.0
9518,14.0,0.0,0.0
9519,16.0,0.0,0.0
9520,13.0,0.0,0.0
9521,13.0,0.0,0.0
9522,23.0,0.0,0.0
9523,9.0,0.0,0.0
9524,11.0,0.0,0.0
9525,10.0,0.0,0.0
9526,13.0,0.0,0.0
9527,11.0,0.0,0.0
9528,7.0,0.0,0.0
9529,11.0,0.0,0.0
9530,8.0,0.0,0.0
9531,11.0,0.0,0.0
9532,26.0,0.0,0.0
9533,12.0,0.0,0.0
9534,11.0,0.0,0.0
9535,15.0,0.0,0.0
9536,9.0,0.0,0.0
9537,13.0,0.0,0.0
9538,11.0,0.0,0.0
9539,14.0,0.0,0.0
9540,15.0,0.0,0.0
9541,12.0,0.0,0.0
9542,13.0,0.0,0.0
9543,17.0,0.0,0.0
9544,12.0,1.0,0.22807587488236214
9545,10.0,1.0,0.23238793415620554
9546,16.0,1.0,0.23565325207377463
9547,11.0,1.0,0.23908422794183706
9548,7.0,1.0,0.24043602373902978
9549,15.0,1.0,0.24159956158418494
9550,9.0,1.0,0.23975894136425688
9551,11.0,1.0,0.23670021800075
9552,14.0,1.0,0.2342333824675145
9553,10.0,1.0,0.22663936369687296
9554,15.0,0.0,0.0
9555,13.0,0.0,0.0
9556,12.0,0.0,0.0
9557,10.0,0.0,0.0
9558,5.0,0.0,0.0
9559,17.0,0.0,0.0
9560,7.0,0.0,0.0
9561,12.0,0.0,0.0
9562,8.0,0.0,0.0
9563,18.0,0.0,0.0
9564,15.0,0.0,0.0
9565,15.0,0.0,0.0
9566,13.0,0.0,0.0
9567,11.0,1.0,0.9402031933222158
9568,10.0,1.0,0.9404603380255401
9569,8.0,1.0,0.9405934935974279
9570,13.0,1.0,0.940708616610873
9571,8.0,1.0,0.9403904138439313
9572,10.0,1.0,0.9404442531641511
9573,10.0,1.0,0.9403515750240184
9574,14.0,1.0,0.9405659065990924
9575,9.0,1.0,0.940516113913352
9576,11.0,2.0,1.2034239337193338
9577,19.0,1.0,0.26849222603284606
9578,9.0,1.0,0.27451465792850344
9579,9.0,1.0,0.27741959031826086
9580,10.0,1.0,0.2753658937298932
9581,16.0,1.0,0.2721533197498727
9582,15.0,1.0,0.2714616469413586
9583,14.0,1.0,0.2736507707526474
9584,14.0,1.0,0.2767157785386836
9585,10.0,1.0,0.2765695987776989
9586,11.0,0.0,0.0
9587,12.0,0.0,0.0
9588,8.0,0.0,0.0
9589,14.0,0.0,0.0
9590,15.0,0.0,0.0
9591,10.0,0.0,0.0
9592,10.0,0.0,0.0
9593,14.0,0.0,0.0
9594,9.0,0.0,0.0
9595,14.0,0.0,0.0
9596,14.0,0.0,0.0
9597,13.0,0.0,0.0
9598,15.0,0.0,0.0
9599,11.0,0.0,0.0
9600,10.0,1.0,0.1958795588552323
9601,11.0,1.0,0.041550698678217264
9602,15.0,1.0,0.4133025027606741
9603,13.0,1.0,0.3547889701229967
9604,6.0,1.0,0.3308875017105214
9605,9.0,1.0,0.51948289947171
9606,14.0,1.0,0.4020437890306813
9607,14.0,1.0,0.5570683799114087
9608,12.0,1.0,0.5460905592258315
9609,12.0,1.0,0.4997740034071604
9610,7.0,0.0,0.0
9611,10.0,0.0,0.0
9612,12.0,0.0,0.0
9613,15.0,0.0,0.0
9614,14.0,0.0,0.0
9615,8.0,0.0,0.0
9616,15.0,0.0,0.0
9617,8.0,0.0,0.0
9618,8.0,0.0,0.0
9619,14.0,0.0,0.0
9620,17.0,0.0,0.0
9621,14.0,1.0,0.47501972598896136
9622,15.0,1.0,0.505398331571146
9623,9.0,1.0,0.5239783566819455
9624,10.0,1.0,0.5276489055830172
9625,12.0,1.0,0.5272171612211322
9626,16.0,1.0,0.5257260023351767
9627,17.0,1.0,0.5264179838065534
9628,12.0,1.0,0.5216204971244809
9629,11.0,1.0,0.5041330033431178
9630,8.0,1.0,0.5011995897569967
9631,11.0,0.0,0.0
9632,11.0,0.0,0.0
9633,5.0,0.0,0.0
9634,15.0,0.0,0.0
9635,14.0,0.0,0.0
9636,10.0,0.0,0.0
9637,7.0,0.0,0.0
9638,12.0,0.0,0.0
9639,16.0,0.0,0.0
9640,15.0,0.0,0.0
9641,5.0,0.0,0.0
9642,9.0,0.0,0.0
9643,12.0,0.0,0.0
9644,13.0,0.0,0.0
9645,12.0,0.0,0.0
9646,14.0,0.0,0.0
9647,16.0,0.0,0.0
9648,5.0,1.0,0.5293358382811654
9649,17.0,1.0,0.5007854495467838
9650,11.0,1.0,0.4702879460572631
9651,10.0,1.0,0.5609722966881051
9652,10.0,1.0,0.5682147782869698
9653,12.0,2.0,1.3099127732794078
9654,9.0,3.0,1.5256154242119795
9655,9.0,3.0,1.6488434735465616
9656,10.0,3.0,1.7855530270380187
9657,11.0,3.0,1.5704724842283853
9658,6.0,2.0,1.0853685203652548
9659,17.0,2.0,1.0155893663371403
9660,15.0,2.0,1.3422645194759213
9661,11.0,2.0,1.1673705499963658
9662,7.0,2.0,1.076811626787025
9663,8.0,1.0,0.6200857157993631
9664,12.0,0.0,0.0
9665,12.0,0.0,0.0
9666,15.0,0.0,0.0
9667,13.0,0.0,0.0
9668,11.0,0.0,0.0
9669,11.0,0.0,0.0
9670,11.0,1.0,0.4846056840862283
9671,13.0,1.0,0.518527912646
9672,12.0,1.0,0.523886573263434
9673,8.0,1.0,0.5556203920932841
9674,13.0,1.0,0.5485322525724292
9675,14.0,1.0,0.5616944280848145
9676,13.0,2.0,1.0295140595868268
9677,12.0,2.0,1.060602886787903
9678,15.0,2.0,1.056052642441132
9679,12.0,2.0,1.0708143025540884
9680,12.0,1.0,0.5546918624306432
9681,13.0,1.0,0.5728730921592636
9682,17.0,1.0,0.5115960998439185
9683,12.0,1.0,0.5315556426211219
9684,13.0,1.0,0.5159778212835247
9685,12.0,1.0,0.4988268387730738
9686,8.0,0.0,0.0
9687,8.0,0.0,0.0
9688,9.0,0.0,0.0
9689,11.0,0.0,0.0
9690,10.0,2.0,0.7795677591086201
9691,12.0,2.0,0.7537560352695187
9692,13.0,3.0,0.9866278762884437
9693,11.0,3.0,1.094040006123644
9694,6.0,3.0,1.0681340202086258
9695,14.0,3.0,0.9730565129345308
9696,10.0,3.0,0.9625360568060433
9697,11.0,3.0,1.0268374405741958
9698,11.0,4.0,1.4631270693892322
9699,14.0,4.0,1.5735304630491607
9700,14.0,2.0,0.7597236832568328
9701,9.0,2.0,0.746022661501517
9702,15.0,1.0,0.4785936497624775
9703,9.0,1.0,0.4918523693349898
9704,9.0,1.0,0.5093113774545627
9705,12.0,1.0,0.5041335713679435
9706,8.0,1.0,0.5071096856731383
9707,14.0,1.0,0.48521937789400266
9708,12.0,0.0,0.0
9709,10.0,0.0,0.0
9710,12.0,0.0,0.0
9711,13.0,0.0,0.0
9712,12.0,0.0,0.0
9713,8.0,0.0,0.0
9714,13.0,0.0,0.0
9715,13.0,0.0,0.0
9716,15.0,0.0,0.0
9717,15.0,0.0,0.0
9718,19.0,0.0,0.0
9719,10.0,0.0,0.0
9720,21.0,0.0,0.0
9721,16.0,0.0,0.0
9722,16.0,0.0,0.0
9723,7.0,0.0,0.0
9724,13.0,0.0,0.0
9725,10.0,0.0,0.0
9726,16.0,0.0,0.0
9727,12.0,1.0,0.814970962550038
9728,10.0,2.0,1.4535634986230375
9729,11.0,2.0,1.683519978585787
9730,11.0,3.0,1.9708121997203967
9731,15.0,5.0,3.892280187414939
9732,11.0,5.0,4.333797928950194
9733,12.0,7.0,6.1407771558714614
9734,6.0,7.0,6.377101091062665
9735,10.0,9.0,8.38016682469798
9736,13.0,9.0,8.109279046731825
9737,8.0,8.0,6.870849107154472
9738,11.0,8.0,6.889207980825784
9739,14.0,8.0,6.815020995544742
9740,16.0,9.0,8.051710278409024
9741,8.0,7.0,5.918031264912562
9742,14.0,7.0,6.041956961921827
9743,20.0,5.0,4.35982081377605
9744,13.0,5.0,4.189602895572823
9745,8.0,3.0,2.3957567126406047
9746,11.0,4.0,3.3975779137250686
9747,12.0,5.0,4.390436443166301
9748,12.0,4.0,3.585092406709573
9749,10.0,4.0,3.626122989162641
9750,16.0,3.0,2.7602318349726724
9751,14.0,5.0,5.287126127192608
9752,16.0,5.0,5.341446481710582
9753,10.0,5.0,5.385487281434074
9754,12.0,6.0,5.56405790762078
9755,13.0,6.0,5.577437966227881
9756,15.0,6.0,5.6027825834803275
9757,11.0,7.0,5.845907785658503
9758,11.0,7.0,5.971861166234358
9759,10.0,7.0,5.929291159260295
9760,11.0,6.0,5.268572103620525
9761,18.0,4.0,2.853414845031009
9762,6.0,4.0,2.876549001351962
9763,5.0,4.0,2.858900627642922
9764,8.0,3.0,2.579798117485834
9765,11.0,3.0,2.322780875795461
9766,12.0,2.0,1.1584281608050249
9767,20.0,0.0,0.0
9768,11.0,0.0,0.0
9769,11.0,1.0,0.5391595977189579
9770,10.0,1.0,0.6148469736589873
9771,11.0,1.0,0.6276837940595689
9772,16.0,1.0,0.6113214730979762
9773,16.0,1.0,0.6274674683038913
9774,16.0,1.0,0.5604129655016892
9775,11.0,1.0,0.5130158049951529
9776,12.0,1.0,0.4887300120779758
9777,13.0,1.0,0.4470369121552084
9778,19.0,1.0,0.422924508397243
9779,9.0,0.0,0.0
9780,13.0,0.0,0.0
9781,6.0,0.0,0.0
9782,11.0,0.0,0.0
9783,11.0,0.0,0.0
9784,10.0,0.0,0.0
9785,11.0,0.0,0.0
9786,20.0,0.0,0.0
9787,10.0,0.0,0.0
9788,14.0,0.0,0.0
9789,11.0,0.0,0.0
9790,11.0,0.0,0.0
9791,13.0,0.0,0.0
9792,17.0,0.0,0.0
9793,13.0,0.0,0.0
9794,11.0,0.0,0.0
9795,12.0,0.0,0.0
9796,9.0,0.0,0.0
9797,11.0,0.0,0.0
9798,17.0,0.0,0.0
9799,10.0,0.0,0.0
9800,14.0,0.0,0.0
9801,10.0,0.0,0.0
9802,8.0,0.0,0.0
9803,12.0,0.0,0.0
9804,17.0,0.0,0.0
9805,13.0,0.0,0.0
9806,13.0,0.0,0.0
9807,13.0,0.0,0.0
9808,24.0,0.0,0.0
9809,8.0,0.0,0.0
9810,11.0,1.0,0.18341206149695968
9811,5.0,1.0,0.1930094102882809
9812,8.0,1.0,0.20147879862480403
9813,17.0,1.0,0.22158898009706135
9814,20.0,1.0,0.22050669614115978
9815,6.0,1.0,0.21820039469727592
9816,12.0,1.0,0.22907670723495244
9817,13.0,1.0,0.21493373074029323
9818,13.0,1.0,0.22053473021741063
9819,8.0,1.0,0.2145925239738763
9820,11.0,1.0,0.4420378651708985
9821,9.0,1.0,0.4502438762915618
9822,8.0,1.0,0.46526495834374326
9823,8.0,1.0,0.47176194259676063
9824,13.0,1.0,0.47986756814704296
9825,9.0,1.0,0.4812989714334079
9826,8.0,1.0,0.4722390906733943
9827,9.0,1.0,0.4635425023635283
9828,14.0,1.0,0.45614052035782504
9829,16.0,1.0,0.44370852996926546
9830,13.0,0.0,0.0
9831,9.0,0.0,0.0
9832,10.0,0.0,0.0
9833,9.0,0.0,0.0
9834,11.0,0.0,0.0
9835,14.0,0.0,0.0
9836,9.0,0.0,0.0
9837,13.0,1.0,0.49240221272518314
9838,8.0,1.0,0.5091701931259984
9839,15.0,1.0,0.525553513847369
9840,13.0,1.0,0.5261778120890005
9841,10.0,1.0,0.5157956234696637
9842,16.0,2.0,1.0366914588885336
9843,9.0,2.0,1.0563203737711682
9844,12.0,2.0,1.0442030971636949
9845,19.0,2.0,1.0672474647097854
9846,11.0,3.0,1.4877412125191252
9847,5.0,2.0,1.0239711321717055
9848,14.0,2.0,1.015964058812246
9849,10.0,2.0,1.0301864492149284
9850,10.0,2.0,1.0319321220771862
9851,18.0,2.0,1.0051060265038552
9852,4.0,1.0,0.4510185954529102
9853,11.0,1.0,0.4414126303731956
9854,4.0,1.0,0.45986770261846005
9855,13.0,1.0,0.4728096162388734
9856,14.0,0.0,0.0
9857,11.0,0.0,0.0
9858,15.0,0.0,0.0
9859,10.0,0.0,0.0
9860,14.0,0.0,0.0
9861,12.0,0.0,0.0
9862,12.0,1.0,0.8649450353831435
9863,7.0,1.0,0.9394290021534956
9864,10.0,1.0,0.9663969754642519
9865,14.0,1.0,0.960358400954462
9866,12.0,2.0,1.2101779129681671
9867,9.0,2.0,1.201544765105671
9868,11.0,2.0,1.2283120256537123
9869,10.0,2.0,1.2418615443960075
9870,9.0,2.0,1.234458799525499
9871,9.0,2.0,1.2025529237212431
9872,15.0,3.0,1.9119574191212885
9873,11.0,3.0,1.9953795006888906
9874,15.0,3.0,2.1048876011557587
9875,17.0,3.0,2.122110532882605
9876,14.0,2.0,1.7600900830269004
9877,18.0,2.0,1.7078639180242858
9878,9.0,2.0,1.5762537268841876
9879,7.0,2.0,1.460962841131336
9880,16.0,2.0,1.503752910728208
9881,8.0,2.0,1.5406053632311765
9882,11.0,0.0,0.0
9883,10.0,0.0,0.0
9884,10.0,0.0,0.0
9885,12.0,0.0,0.0
9886,12.0,0.0,0.0
9887,13.0,0.0,0.0
9888,12.0,1.0,0.4688908715437716
9889,15.0,1.0,0.5031848866930918
9890,18.0,1.0,0.4838925756529319
9891,17.0,3.0,1.2921219540399793
9892,16.0,4.0,1.9757105427535469
9893,5.0,4.0,2.0174978294532506
9894,9.0,4.0,2.6835152331901533
9895,16.0,4.0,2.905809633017491
9896,13.0,4.0,2.548081027248071
9897,13.0,4.0,1.8655270641140944
9898,10.0,3.0,2.3714953534658822
9899,10.0,3.0,2.2411364099121895
9900,9.0,3.0,2.0879273911385576
9901,11.0,1.0,0.43106610120478406
9902,7.0,0.0,0.0
9903,11.0,1.0,0.2634716368886602
9904,14.0,1.0,0.2916818222247065
9905,14.0,1.0,0.3336653614402779
9906,18.0,1.0,0.2807333748346324
9907,15.0,1.0,0.3166124513277928
9908,13.0,1.0,0.36502399013751125
9909,8.0,1.0,0.3494986381574287
9910,12.0,1.0,0.3193662203210409
9911,14.0,1.0,0.32998787009919883
9912,7.0,1.0,0.33249711497639695
9913,10.0,0.0,0.0
9914,17.0,0.0,0.0
9915,6.0,0.0,0.0
9916,13.0,0.0,0.0
9917,14.0,0.0,0.0
9918,14.0,0.0,0.0
9919,11.0,0.0,0.0
9920,7.0,0.0,0.0
9921,9.0,0.0,0.0
9922,13.0,0.0,0.0
9923,16.0,0.0,0.0
9924,13.0,0.0,0.0
9925,7.0,0.0,0.0
9926,5.0,0.0,0.0
9927,15.0,0.0,0.0
9928,12.0,0.0,0.0
9929,20.0,0.0,0.0
9930,13.0,0.0,0.0
9931,9.0,0.0,0.0
9932,11.0,0.0,0.0
9933,11.0,0.0,0.0
9934,11.0,0.0,0.0
9935,10.0,0.0,0.0
9936,9.0,0.0,0.0
9937,9.0,0.0,0.0
9938,12.0,0.0,0.0
9939,10.0,0.0,0.0
9940,13.0,0.0,0.0
9941,13.0,0.0,0.0
9942,15.0,0.0,0.0
9943,14.0,0.0,0.0
9944,14.0,0.0,0.0
9945,10.0,0.0,0.0
9946,18.0,0.0,0.0
9947,14.0,0.0,0.0
9948,7.0,0.0,0.0
9949,14.0,0.0,0.0
9950,9.0,0.0,0.0
9951,12.0,0.0,0.0
9952,12.0,0.0,0.0
9953,14.0,0.0,0.0
9954,13.0,0.0,0.0
9955,13.0,0.0,0.0
9956,10.0,0.0,0.0
9957,10.0,0.0,0.0
9958,14.0,0.0,0.0
9959,14.0,0.0,0.0
9960,9.0,0.0,0.0
9961,15.0,0.0,0.0
9962,13.0,0.0,0.0
9963,11.0,0.0,0.0
9964,10.0,0.0,0.0
9965,8.0,1.0,0.24735988093026948
9966,12.0,1.0,0.2507946694986119
9967,12.0,1.0,0.2505968512442774
9968,26.0,1.0,0.25036227213596557
9969,12.0,1.0,0.25355092425836395
9970,12.0,1.0,0.2543916188504364
9971,11.0,1.0,0.251081083574485
9972,9.0,1.0,0.2478409389607932
9973,11.0,1.0,0.2474733291671496
9974,13.0,1.0,0.23370599480509052
9975,9.0,0.0,0.0
9976,7.0,0.0,0.0
9977,15.0,1.0,0.46986618700354477
9978,5.0,1.0,0.46484426968260645
9979,11.0,1.0,0.4554653418699472
9980,13.0,1.0,0.4619825898727559
9981,9.0,1.0,0.47341185407305775
9982,16.0,1.0,0.46818996174227623
9983,14.0,1.0,0.4704040113914925
9984,13.0,1.0,0.4671324536779648
9985,11.0,1.0,0.4663463017351182
9986,15.0,1.0,0.46501031066742404
9987,14.0,0.0,0.0
9988,12.0,0.0,0.0
9989,7.0,0.0,0.0
9990,6.0,0.0,0.0
9991,16.0,0.0,0.0
9992,17.0,0.0,0.0
9993,11.0,0.0,0.0
9994,12.0,0.0,0.0
9995,10.0,0.0,0.0
9996,13.0,0.0,0.0
9997,8.0,0.0,0.0
9998,15.0,0.0,0.0
9999,15.0,0.0,0.0
10000,14.0,1.0,0.4048632640630922
10001,13.0,1.0,0.41520100629725853
10002,8.0,1.0,0.43172053133384664
10003,15.0,2.0,1.1410761618958873
10004,12.0,2.0,1.1355043326508767
10005,10.0,2.0,1.0558043839200775
10006,20.0,3.0,1.3972134532607796
10007,14.0,3.0,1.3788558414354453
10008,13.0,3.0,1.4298965885784891
10009,8.0,4.0,1.727822166781503
10010,8.0,3.0,1.3037874565702858
10011,17.0,3.0,1.3202498475621267
10012,19.0,3.0,1.4133291662419656
10013,4.0,2.0,0.6839986706541068
10014,10.0,2.0,0.6717469507815108
10015,8.0,2.0,0.614364270018204
10016,9.0,2.0,0.9003999886323308
10017,11.0,2.0,0.9407398711755135
10018,18.0,2.0,0.8718912748358332
10019,17.0,1.0,0.6220561379899939
10020,10.0,1.0,0.6086437842851247
10021,16.0,1.0,0.5898269713033102
10022,9.0,1.0,0.5958190210797278
10023,11.0,1.0,0.6132241020651825
10024,15.0,1.0,0.6097655301369392
10025,11.0,1.0,0.558292915617192
10026,9.0,0.0,0.0
10027,17.0,0.0,0.0
10028,11.0,0.0,0.0
10029,5.0,0.0,0.0
10030,12.0,0.0,0.0
10031,14.0,1.0,0.8283980037328282
10032,11.0,1.0,0.8851243995984358
10033,14.0,1.0,0.9383182122512408
10034,12.0,1.0,0.8391591277676198
10035,13.0,1.0,0.8646623066220309
10036,14.0,1.0,0.6982632392071557
10037,9.0,1.0,0.7248674482154615
10038,10.0,1.0,0.4851723970297117
10039,13.0,1.0,0.010369722947453981
10040,4.0,1.0,0.07583477469297212
10041,8.0,0.0,0.0
10042,12.0,0.0,0.0
10043,12.0,0.0,0.0
10044,10.0,0.0,0.0
10045,14.0,0.0,0.0
10046,19.0,0.0,0.0
10047,11.0,0.0,0.0
10048,7.0,0.0,0.0
10049,15.0,0.0,0.0
10050,8.0,0.0,0.0
10051,14.0,0.0,0.0
10052,6.0,0.0,0.0
10053,8.0,0.0,0.0
10054,10.0,0.0,0.0
10055,12.0,0.0,0.0
10056,15.0,0.0,0.0
10057,10.0,1.0,0.43820011944414017
10058,15.0,1.0,0.4350295996877702
10059,16.0,1.0,0.43094869912185335
10060,15.0,1.0,0.4527459385282779
10061,13.0,1.0,0.450353750560346
10062,7.0,1.0,0.44702347430931283
10063,10.0,1.0,0.44448235015069
10064,16.0,1.0,0.42878911243092716
10065,18.0,1.0,0.42676000310843465
10066,15.0,1.0,0.39234153262710253
10067,14.0,0.0,0.0
10068,15.0,0.0,0.0
10069,13.0,0.0,0.0
10070,17.0,0.0,0.0
10071,14.0,0.0,0.0
10072,16.0,0.0,0.0
10073,8.0,0.0,0.0
10074,13.0,0.0,0.0
10075,12.0,0.0,0.0
10076,8.0,0.0,0.0
10077,8.0,0.0,0.0
10078,11.0,0.0,0.0
10079,14.0,0.0,0.0
10080,8.0,0.0,0.0
10081,13.0,0.0,0.0
10082,10.0,0.0,0.0
10083,9.0,1.0,0.46532066609010764
10084,7.0,1.0,0.5857685570801417
10085,6.0,1.0,0.4461718085531226
10086,10.0,1.0,0.06052341450667026
10087,9.0,1.0,0.46432360702294756
10088,19.0,1.0,0.5543168163592582
10089,11.0,1.0,0.4456465464240956
10090,9.0,1.0,0.5515907414121155
10091,13.0,1.0,0.5110813461018946
10092,8.0,1.0,0.4749203158857182
10093,6.0,0.0,0.0
10094,12.0,0.0,0.0
10095,19.0,0.0,0.0
10096,15.0,1.0,0.5315008636752679
10097,13.0,2.0,0.567910005892811
10098,15.0,2.0,1.3261441192330776
10099,16.0,3.0,1.2317760699316354
10100,22.0,4.0,1.6230460503072126
10101,16.0,4.0,2.372151473025558
10102,9.0,5.0,3.084228239331914
10103,9.0,5.0,2.8882284326944805
10104,18.0,5.0,2.837236192784611
10105,12.0,5.0,2.554881525492045
10106,8.0,4.0,1.4010831652052576
10107,17.0,3.0,1.2609629570710563
10108,12.0,3.0,1.0178192385240288
10109,16.0,3.0,0.9319801168132075
10110,17.0,2.0,0.45476838633381234
10111,12.0,2.0,0.5647380984186496
10112,11.0,2.0,0.46795470346348245
10113,12.0,2.0,0.8003258106029747
10114,13.0,2.0,0.6220058836275394
10115,10.0,2.0,0.8510604152205861
10116,15.0,2.0,0.7280158121343483
10117,13.0,2.0,0.34341491961190507
10118,11.0,2.0,0.4333079735916619
10119,14.0,1.0,0.11370116948843569
10120,11.0,1.0,0.22957083361612146
10121,15.0,1.0,0.5338470989247138
10122,14.0,0.0,0.0
10123,10.0,0.0,0.0
10124,14.0,0.0,0.0
10125,10.0,0.0,0.0
10126,15.0,0.0,0.0
10127,13.0,0.0,0.0
10128,14.0,0.0,0.0
10129,9.0,0.0,0.0
10130,12.0,0.0,0.0
10131,15.0,0.0,0.0
10132,9.0,1.0,0.14316951134129763
10133,11.0,1.0,0.47119873263265416
10134,10.0,2.0,0.9366183447480904
10135,9.0,2.0,0.8220985625449551
10136,8.0,2.0,1.3612298662091469
10137,11.0,2.0,1.1925920707787152
10138,15.0,5.0,2.787808101058153
10139,12.0,5.0,3.289835114003301
10140,2.0,5.0,2.9470463052569666
10141,8.0,5.0,3.3686599069708842
10142,13.0,4.0,3.1087944212915213
10143,7.0,4.0,3.0038409207978614
10144,10.0,3.0,2.1545369480676166
10145,10.0,3.0,1.9076865871572197
10146,13.0,3.0,1.979230002849747
10147,16.0,3.0,1.7438872440079813
10148,17.0,0.0,0.0
10149,15.0,0.0,0.0
10150,13.0,0.0,0.0
10151,16.0,0.0,0.0
10152,14.0,0.0,0.0
10153,15.0,0.0,0.0
10154,12.0,0.0,0.0
10155,10.0,0.0,0.0
10156,8.0,0.0,0.0
10157,11.0,1.0,0.15853489120621267
10158,14.0,1.0,0.1838630061831596
10159,7.0,1.0,0.2075651852603552
10160,13.0,1.0,0.20925901202216032
10161,13.0,1.0,0.20238221404077034
10162,10.0,1.0,0.20148707985440964
10163,9.0,1.0,0.19574380299220603
10164,19.0,1.0,0.19805091917151013
10165,9.0,1.0,0.18110630412285375
10166,15.0,1.0,0.16661669244533414
10167,21.0,1.0,0.4813857966404859
10168,10.0,1.0,0.2548796217439317
10169,16.0,1.0,0.12544230320451827
10170,12.0,1.0,0.5405705311385067
10171,8.0,1.0,0.47199114388648705
10172,8.0,1.0,0.12270599994787329
10173,7.0,2.0,0.6689150033185017
10174,6.0,2.0,0.6007133315757852
10175,9.0,2.0,0.8873562104017576
10176,10.0,2.0,0.8771594837689782
10177,9.0,1.0,0.5041527880638929
10178,11.0,1.0,0.7058097568901028
10179,8.0,1.0,0.7830841859738659
10180,14.0,1.0,0.7014983218869387
10181,15.0,1.0,0.6616276988197299
10182,15.0,1.0,0.6798696424199269
10183,15.0,0.0,0.0
10184,13.0,0.0,0.0
10185,14.0,0.0,0.0
10186,13.0,0.0,0.0
10187,12.0,1.0,0.956754570722165
10188,16.0,1.0,0.9646591610073932
10189,10.0,2.0,1.5653819286729678
10190,10.0,2.0,1.5805988058404874
10191,10.0,2.0,1.59359705974124
10192,11.0,4.0,3.1181532053784022
10193,8.0,4.0,3.1487994965852977
10194,16.0,4.0,3.1687326662813198
10195,11.0,6.0,4.184415135640022
10196,13.0,9.0,5.459420054042098
10197,12.0,8.0,4.818009439116737
10198,12.0,9.0,5.8464435554225025
10199,13.0,9.0,6.388651392562063
10200,19.0,9.0,6.3549084007833505
10201,12.0,11.0,7.244473332651877
10202,13.0,12.0,9.341007475501778
10203,7.0,13.0,9.463736780247755
10204,12.0,13.0,8.876979208999897
10205,13.0,11.0,9.325137447631136
10206,14.0,8.0,9.45517575689174
10207,16.0,8.0,9.622842136800992
10208,8.0,8.0,9.038963607900708
10209,6.0,7.0,7.375922605717883
10210,9.0,7.0,6.6644614707007
10211,18.0,5.0,4.6730321490358975
10212,6.0,3.0,3.1484197975352304
10213,14.0,2.0,2.3567268225765856
10214,12.0,2.0,2.372881897288312
10215,13.0,4.0,4.7010799429549595
10216,11.0,4.0,4.675000062230946
10217,13.0,4.0,4.632987274899503
10218,9.0,5.0,5.034932840705528
10219,18.0,6.0,6.5044862198490065
10220,13.0,6.0,6.5046833769796
10221,12.0,9.0,8.792974161910177
10222,7.0,9.0,8.619401558024185
10223,9.0,9.0,9.136389092790655
10224,10.0,13.0,11.210696590356473
10225,14.0,12.0,10.125904044708285
10226,10.0,12.0,9.930936592871243
10227,10.0,12.0,8.927481081637538
10228,14.0,10.0,7.577689268451516
10229,10.0,9.0,6.573135254373207
10230,7.0,9.0,6.365265975883726
10231,14.0,6.0,5.735054737881486
10232,8.0,5.0,4.8876560316469115
10233,7.0,5.0,4.795472349875672
10234,13.0,2.0,2.0717149925336216
10235,13.0,1.0,1.2213903784221551
10236,11.0,1.0,1.2414637214513093
10237,11.0,1.0,1.2638116924850464
10238,15.0,1.0,1.271903173194715
10239,10.0,1.0,1.2607549631453179
10240,14.0,1.0,1.2251952444666807
10241,13.0,1.0,1.199932325199408
10242,14.0,1.0,1.0679782307069772
10243,10.0,1.0,1.1069957316149186
10244,10.0,0.0,0.0
10245,13.0,0.0,0.0
10246,9.0,0.0,0.0
10247,14.0,0.0,0.0
10248,11.0,0.0,0.0
10249,8.0,0.0,0.0
10250,14.0,0.0,0.0
10251,6.0,0.0,0.0
10252,14.0,0.0,0.0
10253,5.0,1.0,0.1158112502392024
10254,12.0,1.0,0.13154766033198956
10255,16.0,1.0,0.18057919819916565
10256,12.0,1.0,0.21912810003856967
10257,8.0,1.0,0.23178966675402488
10258,10.0,1.0,0.22192406465020245
10259,13.0,1.0,0.25486359755228305
10260,12.0,1.0,0.2632093476223667
10261,11.0,1.0,0.25612193482474455
10262,11.0,1.0,0.2134248851468008
10263,18.0,0.0,0.0
10264,12.0,0.0,0.0
10265,8.0,0.0,0.0
10266,15.0,0.0,0.0
10267,11.0,0.0,0.0
10268,17.0,0.0,0.0
10269,11.0,1.0,0.023284774589923705
10270,12.0,1.0,0.26636514316334164
10271,13.0,1.0,0.4388304722626358
10272,11.0,1.0,0.02764478389698864
10273,13.0,1.0,0.5146750044422281
10274,15.0,1.0,0.4644656789524297
10275,17.0,2.0,1.158075909344028
10276,12.0,2.0,0.38141834521881524
10277,14.0,2.0,0.5603002057877584
10278,8.0,2.0,0.6937305288318156
10279,8.0,1.0,0.8308837574641784
10280,9.0,1.0,0.6060742689031529
10281,10.0,1.0,0.6756732181646442
10282,19.0,1.0,0.8624595222886284
10283,14.0,1.0,0.9413988886676178
10284,5.0,1.0,0.03643397476402221
10285,14.0,0.0,0.0
10286,13.0,0.0,0.0
10287,8.0,0.0,0.0
10288,13.0,0.0,0.0
10289,17.0,0.0,0.0
10290,17.0,0.0,0.0
10291,8.0,0.0,0.0
10292,13.0,0.0,0.0
10293,15.0,0.0,0.0
10294,11.0,0.0,0.0
10295,9.0,1.0,0.15605642256854751
10296,12.0,1.0,0.14758644061696338
10297,14.0,1.0,0.5124669602729202
10298,18.0,1.0,0.563805168636845
10299,19.0,2.0,0.6782322164356134
10300,13.0,2.0,0.9861668101304057
10301,18.0,3.0,1.5344554899805805
10302,12.0,3.0,1.797078128453231
10303,10.0,3.0,1.2493063975063912
10304,14.0,3.0,0.9873583159524523
10305,10.0,2.0,0.6090889219049671
10306,13.0,2.0,0.928606500266071
10307,6.0,2.0,0.7951045802077712
10308,13.0,2.0,0.8344328697703074
10309,12.0,1.0,0.6645964825524094
10310,9.0,1.0,0.5423635060525681
10311,18.0,0.0,0.0
10312,10.0,0.0,0.0
10313,16.0,0.0,0.0
10314,21.0,0.0,0.0
10315,10.0,0.0,0.0
10316,11.0,0.0,0.0
10317,9.0,0.0,0.0
10318,17.0,0.0,0.0
10319,11.0,0.0,0.0
10320,11.0,0.0,0.0
10321,11.0,0.0,0.0
10322,15.0,0.0,0.0
10323,12.0,0.0,0.0
10324,18.0,0.0,0.0
10325,7.0,0.0,0.0
10326,13.0,0.0,0.0
10327,13.0,0.0,0.0
10328,12.0,0.0,0.0
10329,13.0,0.0,0.0
10330,11.0,0.0,0.0
10331,16.0,0.0,0.0
10332,12.0,0.0,0.0
10333,11.0,0.0,0.0
10334,18.0,0.0,0.0
10335,14.0,0.0,0.0
10336,12.0,0.0,0.0
10337,13.0,1.0,0.14678519892056374
10338,11.0,1.0,0.296823865757853
10339,7.0,1.0,0.17995586885091125
10340,15.0,2.0,0.5482470357487699
10341,9.0,2.0,0.5320458418380486
10342,5.0,2.0,0.5825525608966824
10343,9.0,2.0,0.8094239575772784
10344,11.0,2.0,0.816373370540447
10345,14.0,2.0,0.8269192329108881
10346,10.0,2.0,0.7785632110278108
10347,14.0,1.0,0.36135248416998045
10348,10.0,1.0,0.29805353259995826
10349,13.0,1.0,0.1995436361184684
10350,14.0,0.0,0.0
10351,11.0,0.0,0.0
10352,11.0,0.0,0.0
10353,6.0,0.0,0.0
10354,14.0,0.0,0.0
10355,14.0,0.0,0.0
10356,10.0,0.0,0.0
10357,10.0,0.0,0.0
10358,13.0,0.0,0.0
10359,19.0,0.0,0.0
10360,6.0,0.0,0.0
10361,12.0,0.0,0.0
10362,13.0,1.0,0.34374736209058415
10363,7.0,1.0,0.49426193210655617
10364,13.0,1.0,0.23666779352909229
10365,11.0,2.0,0.7559765471067195
10366,15.0,2.0,1.0276233901995542
10367,11.0,2.0,1.1523224881371759
10368,7.0,2.0,1.2943735146616075
10369,11.0,2.0,1.4501562469252305
10370,10.0,2.0,1.5553464668818417
10371,19.0,3.0,1.3438405937400815
10372,8.0,2.0,0.9652791925956254
10373,10.0,2.0,0.672768947558513
10374,10.0,2.0,0.7351294894846716
10375,11.0,2.0,0.7495484737983122
10376,17.0,2.0,0.8281625114238924
10377,11.0,2.0,0.8571201582333724
10378,12.0,3.0,1.3935079065372262
10379,14.0,3.0,1.3625144187343632
10380,11.0,3.0,1.3715531004893033
10381,17.0,2.0,1.1469058657350233
10382,19.0,2.0,1.0787170103343204
10383,15.0,2.0,1.0720681772079717
10384,14.0,2.0,1.0642735229108946
10385,10.0,1.0,0.4744049619037879
10386,11.0,1.0,0.39583507754738206
10387,9.0,2.0,0.721611314942384
10388,10.0,1.0,0.32928908168929216
10389,11.0,1.0,0.37882036241630634
10390,16.0,1.0,0.41672667442407785
10391,10.0,2.0,1.2412196515983687
10392,13.0,2.0,1.2633480203092173
10393,11.0,2.0,1.1734077813628387
10394,9.0,2.0,1.1985322824281412
10395,14.0,2.0,1.208074499178885
10396,13.0,2.0,1.1407132473756745
10397,9.0,1.0,0.7736733056907934
10398,9.0,1.0,0.7350080490959855
10399,8.0,1.0,0.6580458999515898
10400,12.0,1.0,0.6052757095580223
10401,14.0,0.0,0.0
10402,18.0,0.0,0.0
10403,7.0,0.0,0.0
10404,9.0,0.0,0.0
10405,14.0,0.0,0.0
10406,7.0,0.0,0.0
10407,13.0,0.0,0.0
10408,10.0,0.0,0.0
10409,14.0,0.0,0.0
10410,8.0,0.0,0.0
10411,11.0,0.0,0.0
10412,13.0,0.0,0.0
10413,10.0,0.0,0.0
10414,9.0,0.0,0.0
10415,12.0,0.0,0.0
10416,15.0,0.0,0.0
10417,7.0,1.0,0.28382788432932726
10418,5.0,1.0,0.3070073433772601
10419,9.0,1.0,0.316948484037963
10420,6.0,1.0,0.316949445075989
10421,13.0,1.0,0.3359690055540506
10422,13.0,1.0,0.33586482534076495
10423,18.0,1.0,0.3434674010170484
10424,14.0,1.0,0.33974483995445987
10425,13.0,1.0,0.3327991890404417
10426,13.0,1.0,0.3271829188789719
10427,16.0,0.0,0.0
10428,3.0,0.0,0.0
10429,12.0,0.0,0.0
10430,10.0,0.0,0.0
10431,6.0,0.0,0.0
10432,14.0,0.0,0.0
10433,17.0,0.0,0.0
10434,15.0,0.0,0.0
10435,14.0,0.0,0.0
10436,17.0,0.0,0.0
10437,19.0,1.0,0.7982109510397488
10438,16.0,1.0,0.9400311098304996
10439,10.0,1.0,0.9444761669814552
10440,8.0,1.0,0.9365063946133879
10441,15.0,1.0,0.9469276438798303
10442,11.0,1.0,0.9545230109146466
10443,19.0,2.0,2.111757391765283
10444,7.0,2.0,2.1012471938985566
10445,16.0,3.0,2.6781127448540425
10446,14.0,3.0,2.8518298227154646
10447,7.0,2.0,1.9240975996698193
10448,7.0,2.0,1.8379456376494514
10449,13.0,2.0,1.647927786845302
10450,15.0,2.0,1.6307809844326204
10451,12.0,2.0,0.5969445630680074
10452,15.0,2.0,0.8664017404057107
10453,11.0,1.0,0.46525345923919714
10454,12.0,1.0,0.3528715888361347
10455,11.0,0.0,0.0
10456,7.0,0.0,0.0
10457,16.0,0.0,0.0
10458,12.0,0.0,0.0
10459,17.0,0.0,0.0
10460,8.0,0.0,0.0
10461,8.0,0.0,0.0
10462,6.0,0.0,0.0
10463,12.0,0.0,0.0
10464,15.0,0.0,0.0
10465,15.0,0.0,0.0
10466,12.0,0.0,0.0
10467,11.0,0.0,0.0
10468,13.0,0.0,0.0
10469,16.0,0.0,0.0
10470,14.0,0.0,0.0
10471,11.0,0.0,0.0
10472,11.0,0.0,0.0
10473,18.0,0.0,0.0
10474,13.0,1.0,0.6172109782863321
10475,14.0,1.0,0.5459438786576414
10476,10.0,1.0,0.1889337399168206
10477,8.0,1.0,0.14005443494340544
10478,9.0,1.0,0.5981748918786913
10479,16.0,1.0,0.5520005196586609
10480,14.0,1.0,0.3971357839214155
10481,17.0,2.0,0.9913273592666803
10482,14.0,2.0,0.9357985313804408
10483,8.0,2.0,0.9736992283310641
10484,7.0,1.0,0.4691555140924497
10485,12.0,1.0,0.47994242520507263
10486,10.0,1.0,0.5083454767605928
10487,10.0,1.0,0.4695581187483994
10488,14.0,1.0,0.43203026850639736
10489,6.0,1.0,0.3610474550486117
10490,19.0,1.0,0.40107540146601184
10491,11.0,0.0,0.0
10492,11.0,0.0,0.0
10493,6.0,0.0,0.0
10494,15.0,0.0,0.0
10495,11.0,0.0,0.0
10496,12.0,0.0,0.0
10497,11.0,0.0,0.0
10498,11.0,0.0,0.0
10499,17.0,0.0,0.0
10500,15.0,1.0,0.2610757561116007
10501,8.0,1.0,0.3272506425260643
10502,16.0,1.0,0.38794943399471954
10503,15.0,1.0,0.3802000516025477
10504,10.0,1.0,0.31444065291935014
10505,12.0,1.0,0.20464238512629548
10506,15.0,2.0,0.8741506089840265
10507,10.0,3.0,1.096836467949609
10508,6.0,3.0,1.1189132573435012
10509,11.0,4.0,1.8811842037338613
10510,7.0,3.0,1.7477403186686502
10511,9.0,3.0,1.729426714723372
10512,15.0,3.0,1.7038542220433979
10513,14.0,3.0,1.6082787847971058
10514,11.0,3.0,1.5381395259562722
10515,17.0,3.0,1.7323898078168247
10516,19.0,2.0,0.7767461068555545
10517,14.0,1.0,0.3884253592855605
10518,10.0,1.0,0.43944021856919147
10519,12.0,0.0,0.0
10520,12.0,1.0,0.4825458111916174
10521,14.0,1.0,0.460921150316361
10522,10.0,2.0,0.7397480635322613
10523,9.0,2.0,0.8634212044169001
10524,8.0,2.0,0.8241274929166763
10525,12.0,4.0,1.446670061550383
10526,11.0,4.0,1.4427466154263469
10527,13.0,4.0,1.4050870485001337
10528,13.0,4.0,1.2040822075989972
10529,11.0,5.0,1.5701343337210258
10530,15.0,4.0,1.2148712921904292
10531,11.0,4.0,1.2118916702499902
10532,15.0,3.0,1.0913830119443282
10533,11.0,3.0,1.0812001466518921
10534,13.0,3.0,0.9427984388360391
10535,17.0,1.0,0.36477962314842616
10536,16.0,1.0,0.5606258035816387
10537,12.0,1.0,0.327164699803148
10538,11.0,1.0,0.4323834417114311
10539,7.0,0.0,0.0
10540,14.0,0.0,0.0
10541,5.0,0.0,0.0
10542,11.0,1.0,0.15624687108251664
10543,11.0,1.0,0.1441725824072411
10544,16.0,1.0,0.15356826277944288
10545,16.0,1.0,0.16919001352724863
10546,7.0,1.0,0.19618184370330746
10547,11.0,1.0,0.18440133047853505
10548,2.0,1.0,0.1996500619660187
10549,16.0,1.0,0.21501265946381748
10550,20.0,1.0,0.17428410509702905
10551,6.0,1.0,0.0930494055883299
10552,7.0,0.0,0.0
10553,11.0,0.0,0.0
10554,10.0,0.0,0.0
10555,4.0,0.0,0.0
10556,13.0,0.0,0.0
10557,16.0,0.0,0.0
10558,13.0,0.0,0.0
10559,16.0,0.0,0.0
10560,12.0,0.0,0.0
10561,9.0,0.0,0.0
10562,17.0,0.0,0.0
10563,10.0,0.0,0.0
10564,8.0,0.0,0.0
10565,21.0,0.0,0.0
10566,14.0,0.0,0.0
10567,17.0,1.0,0.32658577806798106
10568,11.0,1.0,0.3402800681363868
10569,7.0,1.0,0.4419263278505518
10570,15.0,1.0,0.45857766788260573
10571,10.0,3.0,0.629389391851785
10572,9.0,3.0,0.7012533533995948
10573,18.0,3.0,0.835860185067299
10574,15.0,3.0,0.7424294185982901
10575,14.0,3.0,0.7858494052772442
10576,14.0,3.0,0.5945324699032408
10577,11.0,2.0,0.26402774951590635
10578,8.0,2.0,0.3764498446629473
10579,8.0,2.0,0.2821519750168789
10580,9.0,2.0,0.281913445620954
10581,13.0,0.0,0.0
10582,9.0,0.0,0.0
10583,8.0,1.0,0.5601377011199059
10584,9.0,1.0,0.9053382666766046
10585,11.0,1.0,0.869245035361737
10586,13.0,1.0,0.570390271605637
10587,12.0,1.0,0.07713495276770958
10588,17.0,1.0,0.7169259202148476
10589,10.0,1.0,0.18211974495500372
10590,17.0,1.0,0.6721346782149115
10591,9.0,1.0,0.3925049211997355
10592,14.0,1.0,0.40791711613339476
10593,11.0,0.0,0.0
10594,9.0,0.0,0.0
10595,11.0,1.0,0.09332109812771679
10596,11.0,1.0,0.10054337872353633
10597,7.0,1.0,0.17036297897610064
10598,18.0,1.0,0.16136308832742086
10599,11.0,1.0,0.21195004253381064
10600,12.0,1.0,0.24509984071366642
10601,10.0,1.0,0.2704607787140664
10602,13.0,1.0,0.22660838729088753
10603,14.0,1.0,0.2776214390418717
10604,16.0,1.0,0.244287138998346
10605,13.0,0.0,0.0
10606,9.0,0.0,0.0
10607,22.0,0.0,0.0
10608,11.0,0.0,0.0
10609,13.0,0.0,0.0
10610,9.0,0.0,0.0
10611,10.0,0.0,0.0
10612,13.0,0.0,0.0
10613,12.0,0.0,0.0
10614,18.0,0.0,0.0
10615,15.0,0.0,0.0
10616,13.0,1.0,0.6884137110124103
10617,14.0,1.0,0.6985162531383586
10618,8.0,1.0,0.7139295826751295
10619,12.0,1.0,0.66374199489898
10620,5.0,1.0,0.7415253650027949
10621,15.0,1.0,0.7638567828003052
10622,16.0,1.0,0.7067615545712159
10623,7.0,1.0,0.37706568497733506
10624,18.0,1.0,0.5660518112831955
10625,11.0,2.0,0.5947663246640736
10626,10.0,1.0,0.344011653274384
10627,8.0,1.0,0.4873513995122502
10628,11.0,1.0,0.019104550144313927
10629,16.0,1.0,0.3035976069134604
10630,14.0,1.0,0.4463223366214349
10631,8.0,1.0,0.6000729522610388
10632,11.0,1.0,0.6435281395113038
10633,11.0,1.0,0.5319520668175187
10634,11.0,1.0,0.23171105714044687
10635,10.0,0.0,0.0
10636,14.0,0.0,0.0
10637,11.0,0.0,0.0
10638,7.0,1.0,0.22929188773434742
10639,10.0,1.0,0.2704775564072621
10640,8.0,1.0,0.35824114643871136
10641,16.0,1.0,0.2878813222752278
10642,13.0,1.0,0.22248622838262005
10643,11.0,1.0,0.20621795533843412
10644,11.0,1.0,0.29169837476816596
10645,6.0,1.0,0.3215753915888223
10646,15.0,1.0,0.21969615644859095
10647,6.0,1.0,0.26479388404891685
10648,11.0,0.0,0.0
10649,8.0,0.0,0.0
10650,9.0,0.0,0.0
10651,13.0,0.0,0.0
10652,6.0,0.0,0.0
10653,9.0,0.0,0.0
10654,12.0,0.0,0.0
10655,18.0,0.0,0.0
10656,5.0,0.0,0.0
10657,10.0,0.0,0.0
10658,7.0,0.0,0.0
10659,18.0,0.0,0.0
10660,9.0,0.0,0.0
10661,11.0,0.0,0.0
10662,13.0,0.0,0.0
10663,17.0,0.0,0.0
10664,12.0,0.0,0.0
10665,14.0,0.0,0.0
10666,8.0,0.0,0.0
10667,24.0,0.0,0.0
10668,8.0,0.0,0.0
10669,7.0,0.0,0.0
10670,15.0,0.0,0.0
10671,11.0,1.0,0.24992896727326258
10672,5.0,1.0,0.28010367948940024
10673,8.0,1.0,0.24481814777041289
10674,16.0,1.0,0.08322690181006073
10675,14.0,1.0,0.07941997538282712
10676,16.0,1.0,0.18056731705522452
10677,10.0,1.0,0.19635623267358915
10678,10.0,1.0,0.20288293904445023
10679,8.0,1.0,0.24748825492949533
10680,18.0,1.0,0.26101684045254137
10681,13.0,0.0,0.0
10682,10.0,0.0,0.0
10683,15.0,0.0,0.0
10684,14.0,0.0,0.0
10685,11.0,0.0,0.0
10686,10.0,0.0,0.0
10687,12.0,0.0,0.0
10688,12.0,0.0,0.0
10689,12.0,0.0,0.0
10690,9.0,0.0,0.0
10691,13.0,0.0,0.0
10692,13.0,0.0,0.0
10693,18.0,0.0,0.0
10694,10.0,0.0,0.0
10695,6.0,0.0,0.0
10696,7.0,0.0,0.0
10697,8.0,0.0,0.0
10698,12.0,0.0,0.0
10699,9.0,0.0,0.0
10700,11.0,0.0,0.0
10701,7.0,0.0,0.0
10702,12.0,0.0,0.0
10703,11.0,0.0,0.0
10704,13.0,0.0,0.0
10705,10.0,0.0,0.0
10706,16.0,0.0,0.0
10707,10.0,0.0,0.0
10708,10.0,0.0,0.0
10709,21.0,0.0,0.0
10710,11.0,0.0,0.0
10711,11.0,0.0,0.0
10712,9.0,0.0,0.0
10713,13.0,0.0,0.0
10714,10.0,0.0,0.0
10715,12.0,1.0,0.4319270276822273
10716,10.0,1.0,0.5241943134522048
10717,14.0,1.0,0.48893240174288916
10718,9.0,1.0,0.3486240836867625
10719,9.0,2.0,0.7077744558764918
10720,14.0,2.0,0.8125976925405769
10721,7.0,2.0,0.843485157764557
10722,10.0,2.0,0.7641030365162852
10723,10.0,2.0,0.751907180945653
10724,12.0,2.0,0.6495571820456555
10725,9.0,2.0,0.5306923026125475
10726,12.0,2.0,0.5874553364221872
10727,12.0,2.0,0.4585240107242615
10728,6.0,2.0,0.5264588181014456
10729,11.0,1.0,0.32920894448566174
10730,11.0,1.0,0.317447045080961
10731,16.0,2.0,0.9977408063467232
10732,11.0,2.0,0.8320403596793218
10733,6.0,2.0,0.9249729939563223
10734,15.0,2.0,1.1331714738987324
10735,3.0,1.0,0.866041624138667
10736,11.0,1.0,0.9251672657981904
10737,10.0,2.0,1.2088565615622442
10738,9.0,2.0,1.117665685241926
10739,10.0,2.0,1.1643129915789627
10740,11.0,2.0,0.42992903371318425
10741,10.0,1.0,0.2667860553592775
10742,11.0,1.0,0.26322324407977
10743,13.0,1.0,0.26329715506411616
10744,17.0,1.0,0.2521252690645758
10745,11.0,1.0,0.12474719264300674
10746,12.0,1.0,0.031642640772349184
10747,13.0,0.0,0.0
10748,9.0,0.0,0.0
10749,8.0,0.0,0.0
10750,11.0,0.0,0.0
10751,12.0,0.0,0.0
10752,12.0,0.0,0.0
10753,14.0,0.0,0.0
10754,12.0,0.0,0.0
10755,14.0,1.0,0.14045784800042985
10756,22.0,1.0,0.15192998439847177
10757,11.0,1.0,0.1920624643653764
10758,11.0,1.0,0.18635101535077456
10759,12.0,1.0,0.17092516690539994
10760,13.0,1.0,0.15022408908274817
10761,15.0,1.0,0.13688159087603322
10762,7.0,1.0,0.14644465545129076
10763,15.0,1.0,0.15214717997379867
10764,11.0,1.0,0.1374298767701695
10765,9.0,0.0,0.0
10766,9.0,0.0,0.0
10767,12.0,0.0,0.0
10768,16.0,0.0,0.0
10769,8.0,0.0,0.0
10770,6.0,0.0,0.0
10771,13.0,0.0,0.0
10772,14.0,0.0,0.0
10773,8.0,0.0,0.0
10774,9.0,0.0,0.0
10775,13.0,0.0,0.0
10776,14.0,0.0,0.0
10777,16.0,0.0,0.0
10778,12.0,0.0,0.0
10779,13.0,0.0,0.0
10780,16.0,0.0,0.0
10781,10.0,0.0,0.0
10782,22.0,0.0,0.0
10783,12.0,0.0,0.0
10784,7.0,0.0,0.0
10785,13.0,0.0,0.0
10786,15.0,0.0,0.0
10787,12.0,0.0,0.0
10788,12.0,0.0,0.0
10789,10.0,0.0,0.0
10790,12.0,0.0,0.0
10791,11.0,0.0,0.0
10792,18.0,0.0,0.0
10793,6.0,0.0,0.0
10794,16.0,0.0,0.0
10795,12.0,0.0,0.0
10796,17.0,0.0,0.0
10797,6.0,0.0,0.0
10798,12.0,0.0,0.0
10799,9.0,0.0,0.0
10800,12.0,0.0,0.0
10801,11.0,0.0,0.0
10802,11.0,0.0,0.0
10803,8.0,0.0,0.0
10804,20.0,0.0,0.0
10805,10.0,1.0,0.14848405713905907
10806,11.0,1.0,0.2986971907025623
10807,9.0,1.0,0.6291830097745382
10808,7.0,1.0,0.5844745344045494
10809,15.0,1.0,0.5776449290914755
10810,13.0,1.0,0.5520408737150062
10811,16.0,1.0,0.48251183966879085
10812,11.0,1.0,0.5221139165824421
10813,12.0,1.0,0.5952963747112604
10814,13.0,1.0,0.15256408865906088
10815,15.0,0.0,0.0
10816,13.0,0.0,0.0
10817,8.0,0.0,0.0
10818,10.0,0.0,0.0
10819,12.0,0.0,0.0
10820,16.0,0.0,0.0
10821,13.0,0.0,0.0
10822,16.0,2.0,0.40504736531342833
10823,11.0,2.0,0.7915394994573217
10824,11.0,2.0,0.9286064197550336
10825,10.0,2.0,1.1557057067991914
10826,12.0,2.0,1.1598916137951076
10827,16.0,3.0,1.239427595169608
10828,9.0,3.0,1.4530038640885417
10829,8.0,3.0,1.356516280481225
10830,20.0,3.0,1.295344875035127
10831,15.0,3.0,1.4005586120074915
10832,4.0,1.0,0.17945349748885747
10833,16.0,1.0,0.18964265403112787
10834,10.0,1.0,0.17867001979287817
10835,8.0,1.0,0.15907989686146315
10836,4.0,1.0,0.11675136968027326
10837,12.0,1.0,0.3980288140682382
10838,12.0,1.0,0.4302414143014897
10839,15.0,1.0,0.40247968481693913
10840,9.0,2.0,0.5483448866472858
10841,9.0,2.0,0.6169576545453808
10842,19.0,2.0,0.775606718035683
10843,12.0,2.0,0.7344899587814031
10844,8.0,2.0,0.6615857429182976
10845,10.0,2.0,0.4680175375000922
10846,16.0,2.0,0.3363300873085739
10847,8.0,2.0,0.6263045875544231
10848,12.0,2.0,0.6918947484411794
10849,16.0,2.0,0.6289495724270947
10850,6.0,3.0,1.126691334152563
10851,12.0,3.0,0.7636969090549253
10852,15.0,3.0,0.38635933162482416
10853,18.0,3.0,1.0744670490162436
10854,16.0,3.0,1.26825297370857
10855,16.0,3.0,1.398092587528811
10856,17.0,3.0,0.9882712148955419
10857,11.0,2.0,0.9912107981344649
10858,16.0,2.0,0.5565006657371181
10859,14.0,2.0,1.1372953977379487
10860,10.0,0.0,0.0
10861,11.0,0.0,0.0
10862,17.0,1.0,0.16436841488707046
10863,15.0,1.0,0.1972837201545472
10864,13.0,1.0,0.14124714549005501
10865,12.0,1.0,0.21890265684349025
10866,13.0,1.0,0.20024351580843422
10867,10.0,1.0,0.2392734652846979
10868,15.0,1.0,0.16429450894900074
10869,9.0,1.0,0.18113663368767072
10870,9.0,1.0,0.19260842908491016
10871,8.0,1.0,0.20063784121033781
10872,14.0,0.0,0.0
10873,13.0,0.0,0.0
10874,9.0,0.0,0.0
10875,7.0,0.0,0.0
10876,12.0,0.0,0.0
10877,8.0,0.0,0.0
10878,10.0,0.0,0.0
10879,15.0,0.0,0.0
10880,20.0,0.0,0.0
10881,19.0,0.0,0.0
10882,17.0,0.0,0.0
10883,16.0,0.0,0.0
10884,6.0,0.0,0.0
10885,6.0,0.0,0.0
10886,13.0,0.0,0.0
10887,9.0,0.0,0.0
10888,20.0,0.0,0.0
10889,11.0,1.0,0.08902280589297501
10890,14.0,1.0,0.1597067882455634
10891,9.0,1.0,0.2607982468443467
10892,9.0,1.0,0.16879126386887763
10893,9.0,1.0,0.2646422560782734
10894,14.0,1.0,0.49131602777654065
10895,15.0,2.0,0.6832795228612046
10896,10.0,2.0,0.704954804654331
10897,8.0,2.0,0.6626742607166645
10898,12.0,2.0,0.6440315178127973
10899,17.0,1.0,0.26997778065648603
10900,15.0,1.0,0.2555765066873357
10901,8.0,1.0,0.22184007733341077
10902,17.0,1.0,0.1884295353851417
10903,15.0,1.0,0.13220249457928776
10904,7.0,1.0,0.11051771918847264
10905,8.0,0.0,0.0
10906,8.0,0.0,0.0
10907,9.0,0.0,0.0
10908,10.0,0.0,0.0
10909,10.0,0.0,0.0
10910,10.0,0.0,0.0
10911,11.0,1.0,0.08702859946795023
10912,14.0,1.0,0.13140470506248228
10913,17.0,1.0,0.2074755587648695
10914,12.0,1.0,0.23472191034971
10915,12.0,1.0,0.1874207201539393
10916,15.0,1.0,0.27125657634755895
10917,10.0,1.0,0.3156097119905936
10918,15.0,2.0,1.0699523117050767
10919,12.0,2.0,1.0731816068227198
10920,9.0,2.0,1.040836646320523
10921,11.0,1.0,0.7539882651903663
10922,6.0,1.0,0.5264669304429584
10923,17.0,1.0,0.40955455108803523
10924,13.0,1.0,0.26337675672919975
10925,20.0,1.0,0.39265946454495604
10926,12.0,1.0,0.4116097617818502
10927,6.0,1.0,0.2787035173420604
10928,11.0,0.0,0.0
10929,9.0,0.0,0.0
10930,9.0,0.0,0.0
10931,7.0,0.0,0.0
10932,13.0,0.0,0.0
10933,7.0,0.0,0.0
10934,8.0,0.0,0.0
10935,9.0,0.0,0.0
10936,13.0,0.0,0.0
10937,14.0,0.0,0.0
10938,10.0,0.0,0.0
10939,11.0,0.0,0.0
10940,8.0,0.0,0.0
10941,16.0,0.0,0.0
10942,15.0,0.0,0.0
10943,15.0,0.0,0.0
10944,13.0,0.0,0.0
10945,12.0,0.0,0.0
10946,18.0,0.0,0.0
10947,9.0,0.0,0.0
10948,5.0,0.0,0.0
10949,15.0,0.0,0.0
10950,19.0,0.0,0.0
10951,6.0,0.0,0.0
10952,14.0,0.0,0.0
10953,12.0,0.0,0.0
10954,8.0,0.0,0.0
10955,14.0,0.0,0.0
10956,19.0,0.0,0.0
10957,13.0,0.0,0.0
10958,10.0,0.0,0.0
10959,8.0,1.0,0.4903531479062946
10960,12.0,1.0,0.4876938629292956
10961,15.0,1.0,0.4271460234726297
10962,11.0,1.0,0.0469166350388155
10963,13.0,1.0,0.39783899526913186
10964,13.0,1.0,0.5023863262571528
10965,12.0,1.0,0.4535530774925398
10966,8.0,1.0,0.23284113972398193
10967,6.0,1.0,0.22249338634719562
10968,15.0,1.0,0.3855833256857752
10969,18.0,0.0,0.0
10970,11.0,0.0,0.0
10971,15.0,0.0,0.0
10972,12.0,0.0,0.0
10973,8.0,0.0,0.0
10974,6.0,0.0,0.0
10975,14.0,0.0,0.0
10976,7.0,0.0,0.0
10977,8.0,0.0,0.0
10978,10.0,0.0,0.0
10979,13.0,0.0,0.0
10980,11.0,0.0,0.0
10981,14.0,0.0,0.0
10982,6.0,0.0,0.0
10983,11.0,0.0,0.0
10984,12.0,0.0,0.0
10985,12.0,0.0,0.0
10986,12.0,0.0,0.0
10987,10.0,0.0,0.0
10988,8.0,0.0,0.0
10989,10.0,1.0,0.31916348005761674
10990,16.0,1.0,0.4067213355805413
10991,13.0,1.0,0.4444066567971689
10992,13.0,1.0,0.44520195669009954
10993,4.0,1.0,0.4379951762402768
10994,10.0,2.0,1.6767560069047283
10995,11.0,2.0,1.5953801601336888
10996,11.0,2.0,1.5332611717973827
10997,15.0,2.0,1.5293522880671235
10998,17.0,2.0,1.55496540375469
10999,14.0,1.0,1.0314671633337784
11000,12.0,1.0,1.1717286733330454
11001,14.0,1.0,1.082660850717934
11002,7.0,1.0,0.9551470676874253
11003,19.0,1.0,0.7635640010110534
11004,13.0,0.0,0.0
11005,13.0,1.0,0.6436283617803276
11006,12.0,1.0,0.5630144123060634
11007,10.0,1.0,0.3237921647298056
11008,11.0,1.0,0.6405913844177641
11009,10.0,1.0,0.28670956706352124
11010,16.0,1.0,0.6151608429549096
11011,6.0,1.0,0.6138783886250571
11012,13.0,1.0,0.6491270137719978
11013,8.0,1.0,0.6372038913795719
11014,13.0,1.0,0.3126212427305788
11015,11.0,0.0,0.0
11016,13.0,0.0,0.0
11017,13.0,0.0,0.0
11018,11.0,0.0,0.0
11019,12.0,0.0,0.0
11020,7.0,0.0,0.0
11021,10.0,0.0,0.0
11022,8.0,0.0,0.0
11023,8.0,0.0,0.0
11024,15.0,0.0,0.0
11025,17.0,0.0,0.0
11026,13.0,0.0,0.0
11027,10.0,0.0,0.0
11028,11.0,0.0,0.0
11029,10.0,2.0,0.8763795564593204
11030,13.0,2.0,1.8473032782669896
11031,9.0,2.0,1.5272177984239192
11032,15.0,2.0,1.368179011945835
11033,16.0,3.0,0.7646696633737133
11034,10.0,3.0,1.1595475705731162
11035,13.0,3.0,1.7668236928826446
11036,8.0,4.0,1.9779402717815977
11037,11.0,4.0,2.156898828755337
11038,13.0,4.0,2.3426189748615145
11039,15.0,2.0,1.1287543203532715
11040,13.0,2.0,0.578597771817328
11041,12.0,2.0,0.32377777635005534
11042,18.0,2.0,0.36754939387022034
11043,14.0,2.0,0.6731818677133121
11044,14.0,2.0,1.0501260791741758
11045,17.0,2.0,1.499090911668714
11046,9.0,1.0,0.805189208236187
11047,13.0,1.0,0.799762877076552
11048,8.0,1.0,0.9129380379582964
11049,9.0,1.0,0.650623878263225
11050,13.0,1.0,0.8520717280846659
11051,13.0,1.0,0.6723889672644844
11052,8.0,1.0,0.3736977178137864
11053,6.0,0.0,0.0
11054,13.0,0.0,0.0
11055,9.0,1.0,0.4085932671919753
11056,10.0,1.0,0.736056393543038
11057,16.0,1.0,0.6998419176087463
11058,13.0,1.0,0.711022521782192
11059,8.0,1.0,0.4778738443685525
11060,14.0,1.0,0.21344257238420214
11061,7.0,1.0,0.8175265304134816
11062,7.0,1.0,0.9330960330736826
11063,14.0,1.0,0.6912532516645412
11064,7.0,1.0,0.42636571550910407
11065,15.0,0.0,0.0
11066,12.0,0.0,0.0
11067,11.0,0.0,0.0
11068,11.0,0.0,0.0
11069,15.0,0.0,0.0
11070,18.0,0.0,0.0
11071,9.0,0.0,0.0
11072,13.0,0.0,0.0
11073,12.0,0.0,0.0
11074,8.0,0.0,0.0
11075,8.0,0.0,0.0
11076,13.0,0.0,0.0
11077,11.0,0.0,0.0
11078,8.0,0.0,0.0
11079,13.0,0.0,0.0
11080,9.0,0.0,0.0
11081,13.0,0.0,0.0
11082,14.0,0.0,0.0
11083,6.0,0.0,0.0
11084,7.0,0.0,0.0
11085,2.0,0.0,0.0
11086,11.0,0.0,0.0
11087,18.0,0.0,0.0
11088,14.0,0.0,0.0
11089,9.0,0.0,0.0
11090,19.0,0.0,0.0
11091,11.0,0.0,0.0
11092,8.0,0.0,0.0
11093,19.0,0.0,0.0
11094,15.0,0.0,0.0
11095,14.0,0.0,0.0
11096,10.0,0.0,0.0
11097,7.0,0.0,0.0
11098,14.0,0.0,0.0
11099,8.0,0.0,0.0
11100,16.0,0.0,0.0
11101,7.0,0.0,0.0
11102,6.0,0.0,0.0
11103,11.0,0.0,0.0
11104,13.0,0.0,0.0
11105,13.0,0.0,0.0
11106,20.0,0.0,0.0
11107,8.0,0.0,0.0
11108,18.0,0.0,0.0
11109,12.0,0.0,0.0
11110,12.0,0.0,0.0
11111,14.0,0.0,0.0
11112,11.0,0.0,0.0
11113,17.0,1.0,0.1724404382628743
11114,16.0,2.0,0.5343723658232944
11115,9.0,2.0,0.6126126567161461
11116,16.0,2.0,0.6527834762038336
11117,9.0,2.0,0.6652490503495151
11118,4.0,2.0,0.688042084679044
11119,10.0,2.0,0.693633705069526
11120,14.0,2.0,0.658197739012371
11121,12.0,2.0,0.6438333691672503
11122,9.0,2.0,0.6276505477475628
11123,18.0,1.0,0.4003921407818271
11124,12.0,0.0,0.0
11125,12.0,0.0,0.0
11126,9.0,0.0,0.0
11127,18.0,0.0,0.0
11128,15.0,0.0,0.0
11129,10.0,0.0,0.0
11130,18.0,0.0,0.0
11131,7.0,0.0,0.0
11132,12.0,0.0,0.0
11133,7.0,0.0,0.0
11134,12.0,0.0,0.0
11135,10.0,0.0,0.0
11136,8.0,0.0,0.0
11137,18.0,0.0,0.0
11138,11.0,0.0,0.0
11139,13.0,0.0,0.0
11140,8.0,0.0,0.0
11141,12.0,0.0,0.0
11142,11.0,0.0,0.0
11143,9.0,0.0,0.0
11144,20.0,0.0,0.0
11145,11.0,1.0,0.21752298165441006
11146,15.0,1.0,0.21131350491139717
11147,14.0,1.0,0.22609199947288205
11148,14.0,1.0,0.304308982353871
11149,12.0,1.0,0.3228489434026638
11150,8.0,1.0,0.29671670971799813
11151,8.0,1.0,0.2955841598524989
11152,11.0,1.0,0.2567270140740903
11153,19.0,1.0,0.18307716074410096
11154,9.0,1.0,0.18160667882116754
11155,10.0,0.0,0.0
11156,15.0,0.0,0.0
11157,12.0,0.0,0.0
11158,6.0,0.0,0.0
11159,7.0,0.0,0.0
11160,11.0,0.0,0.0
11161,16.0,0.0,0.0
11162,8.0,0.0,0.0
11163,17.0,0.0,0.0
11164,11.0,0.0,0.0
11165,11.0,0.0,0.0
11166,8.0,0.0,0.0
11167,9.0,0.0,0.0
11168,13.0,0.0,0.0
11169,9.0,0.0,0.0
11170,6.0,0.0,0.0
11171,7.0,1.0,0.6428115582444416
11172,11.0,1.0,0.8238132350133793
11173,3.0,1.0,0.5187780078419272
11174,11.0,1.0,0.8500441368333314
11175,13.0,1.0,0.7124168380177739
11176,16.0,1.0,0.6558971822130183
11177,16.0,1.0,0.628074441845188
11178,11.0,1.0,0.6829424040029719
11179,16.0,1.0,0.763725930056653
11180,10.0,1.0,0.6449391668345645
11181,12.0,0.0,0.0
11182,14.0,0.0,0.0
11183,11.0,1.0,0.3791783572191095
11184,17.0,1.0,0.4474235057032455
11185,15.0,1.0,0.5005686612854308
11186,7.0,1.0,0.49971580129768917
11187,9.0,1.0,0.5038932958660699
11188,11.0,1.0,0.4981418560617723
11189,14.0,1.0,0.5256736361549145
11190,15.0,1.0,0.5274523738314133
11191,12.0,1.0,0.5200793408535301
11192,11.0,1.0,0.5142378766710362
11193,12.0,0.0,0.0
11194,13.0,0.0,0.0
11195,11.0,0.0,0.0
11196,13.0,0.0,0.0
11197,13.0,0.0,0.0
11198,11.0,0.0,0.0
11199,8.0,0.0,0.0
11200,15.0,0.0,0.0
11201,14.0,0.0,0.0
11202,10.0,0.0,0.0
11203,9.0,0.0,0.0
11204,9.0,0.0,0.0
11205,12.0,1.0,0.22567449976475318
11206,10.0,1.0,0.22192370964140423
11207,8.0,1.0,0.2397147323017724
11208,13.0,1.0,0.22389696421332597
11209,15.0,1.0,0.20679295990579633
11210,14.0,1.0,0.20699194543090607
11211,15.0,1.0,0.2096608640356348
11212,13.0,1.0,0.23295797297195478
11213,13.0,1.0,0.2432040454602234
11214,8.0,1.0,0.19834590835718713
11215,8.0,0.0,0.0
11216,14.0,0.0,0.0
11217,9.0,0.0,0.0
11218,12.0,0.0,0.0
11219,12.0,0.0,0.0
11220,10.0,0.0,0.0
11221,17.0,0.0,0.0
11222,14.0,0.0,0.0
11223,14.0,0.0,0.0
11224,14.0,0.0,0.0
11225,13.0,0.0,0.0
11226,14.0,0.0,0.0
11227,9.0,0.0,0.0
11228,16.0,0.0,0.0
11229,11.0,0.0,0.0
11230,12.0,0.0,0.0
11231,9.0,0.0,0.0
11232,7.0,0.0,0.0
11233,10.0,0.0,0.0
11234,9.0,1.0,0.1592601526468129
11235,10.0,1.0,0.33657885675378063
11236,11.0,1.0,0.37210684338007444
11237,13.0,1.0,0.43081439593590454
11238,17.0,2.0,0.8245082564850452
11239,14.0,2.0,0.6904291439730114
11240,14.0,2.0,0.7573022130825228
11241,13.0,2.0,1.2639876337094758
11242,10.0,2.0,0.7018955140027595
11243,10.0,2.0,1.2586605479962367
11244,16.0,1.0,0.787410203507346
11245,9.0,1.0,0.8015632609856914
11246,12.0,1.0,0.4145208958943312
11247,10.0,2.0,1.2528718612884566
11248,13.0,1.0,0.48600292548819735
11249,11.0,1.0,0.5078113501864122
11250,16.0,1.0,0.556039002323138
11251,17.0,2.0,1.3670046554477095
11252,10.0,2.0,1.4439351562124534
11253,15.0,2.0,1.2220568262756437
11254,9.0,3.0,1.592916026560564
11255,17.0,3.0,1.7062748578614848
11256,8.0,3.0,1.4174063247207218
11257,10.0,2.0,1.3769600185969013
11258,18.0,2.0,1.080025610246134
11259,7.0,2.0,1.0144436831618178
11260,8.0,2.0,1.0444022606644183
11261,11.0,2.0,0.7485438211706743
11262,10.0,2.0,0.7418689669674308
11263,10.0,2.0,0.6920017523493556
11264,10.0,1.0,0.2866074975067139
11265,15.0,1.0,0.2929589563406489
11266,12.0,1.0,0.29328837920246653
11267,9.0,1.0,0.2975733803581147
11268,7.0,1.0,0.2926023882339306
11269,12.0,1.0,0.2730018895354112
11270,10.0,1.0,0.24717153423940086
11271,11.0,0.0,0.0
11272,10.0,0.0,0.0
11273,15.0,0.0,0.0
11274,14.0,0.0,0.0
11275,17.0,0.0,0.0
11276,12.0,0.0,0.0
11277,15.0,0.0,0.0
11278,9.0,0.0,0.0
11279,6.0,0.0,0.0
11280,15.0,2.0,0.5448478676574277
11281,12.0,2.0,0.8785259584263612
11282,10.0,2.0,0.9640159335427774
11283,14.0,2.0,1.0093859258412912
11284,16.0,2.0,0.954198806447961
11285,15.0,2.0,0.8150508706140507
11286,8.0,2.0,0.883513992816521
11287,13.0,2.0,0.8879204717003875
11288,16.0,2.0,0.8645516417199235
11289,10.0,3.0,1.4707499133297746
11290,6.0,1.0,0.7089288563146554
11291,10.0,1.0,0.6322305387529793
11292,5.0,2.0,1.3839811348491065
11293,12.0,2.0,1.2994386558014217
11294,10.0,2.0,1.11190199389726
11295,13.0,2.0,0.8448637262334575
11296,10.0,2.0,1.2292070433707172
11297,9.0,2.0,1.5826815873147426
11298,14.0,3.0,1.780786698211267
11299,7.0,2.0,0.6960916165983921
11300,10.0,3.0,0.7328265529639635
11301,14.0,3.0,0.8216194225064452
11302,10.0,2.0,0.6987429502894045
11303,13.0,2.0,0.6572050881199988
11304,12.0,2.0,0.6932140386228254
11305,10.0,3.0,0.8902856279708566
11306,11.0,3.0,0.7968814143550662
11307,20.0,3.0,0.9112555912355826
11308,15.0,2.0,0.42952067026852503
11309,19.0,2.0,0.375202471859178
11310,17.0,1.0,0.34053021840304704
11311,18.0,1.0,0.3435650623674305
11312,15.0,2.0,0.9899254053553375
11313,14.0,2.0,1.0284060347047639
11314,9.0,2.0,1.1049318760584135
11315,12.0,1.0,0.7990512591281135
11316,8.0,1.0,0.8010913393557829
11317,13.0,1.0,0.7909687059091979
11318,8.0,1.0,0.7844858776577779
11319,13.0,1.0,0.7769464690029684
11320,16.0,1.0,0.6258448883729023
11321,19.0,1.0,0.40445351469503626
11322,17.0,0.0,0.0
11323,19.0,0.0,0.0
11324,4.0,1.0,0.2061364835131401
11325,13.0,1.0,0.28949704102540774
11326,7.0,1.0,0.29129674906581865
11327,12.0,1.0,0.31166204238767026
11328,12.0,1.0,0.2846546547725388
11329,11.0,1.0,0.35029286164879436
11330,11.0,1.0,0.35629682549879155
11331,9.0,1.0,0.3400573611334808
11332,15.0,1.0,0.35862368918169596
11333,12.0,1.0,0.37164795007846907
11334,15.0,0.0,0.0
11335,12.0,0.0,0.0
11336,14.0,0.0,0.0
11337,9.0,0.0,0.0
11338,17.0,0.0,0.0
11339,12.0,0.0,0.0
11340,18.0,0.0,0.0
11341,13.0,0.0,0.0
11342,17.0,0.0,0.0
11343,13.0,0.0,0.0
11344,12.0,0.0,0.0
11345,7.0,0.0,0.0
11346,16.0,0.0,0.0
11347,14.0,0.0,0.0
11348,10.0,0.0,0.0
11349,9.0,0.0,0.0
11350,12.0,0.0,0.0
11351,5.0,0.0,0.0
11352,15.0,0.0,0.0
11353,10.0,0.0,0.0
11354,17.0,0.0,0.0
11355,10.0,0.0,0.0
11356,9.0,0.0,0.0
11357,17.0,0.0,0.0
11358,10.0,0.0,0.0
11359,11.0,0.0,0.0
11360,10.0,0.0,0.0
11361,18.0,0.0,0.0
11362,10.0,0.0,0.0
11363,16.0,0.0,0.0
11364,5.0,0.0,0.0
11365,9.0,0.0,0.0
11366,12.0,0.0,0.0
11367,13.0,0.0,0.0
11368,11.0,0.0,0.0
11369,12.0,0.0,0.0
11370,13.0,0.0,0.0
11371,11.0,0.0,0.0
11372,10.0,0.0,0.0
11373,11.0,1.0,0.26861196021219547
11374,15.0,1.0,0.6341207610063685
11375,6.0,1.0,0.4523045944072114
11376,18.0,1.0,0.6348738035661021
11377,10.0,1.0,0.6136457979703394
11378,13.0,1.0,0.6375913953618387
11379,9.0,1.0,0.6275519805555312
11380,12.0,1.0,0.5849972919962001
11381,12.0,1.0,0.4280414437063771
11382,14.0,2.0,0.734013473414638
11383,13.0,1.0,0.5501898618509624
11384,10.0,1.0,0.5917551584345102
11385,9.0,1.0,0.6269759612008566
11386,13.0,1.0,0.5371971926498887
11387,18.0,1.0,0.6406120500389345
11388,10.0,1.0,0.6016580562807097
11389,10.0,1.0,0.5462999406278708
11390,10.0,1.0,0.40097412658817394
11391,17.0,1.0,0.4380961179921647
11392,12.0,0.0,0.0
11393,15.0,0.0,0.0
11394,19.0,0.0,0.0
11395,9.0,0.0,0.0
11396,14.0,0.0,0.0
11397,10.0,0.0,0.0
11398,7.0,0.0,0.0
11399,10.0,0.0,0.0
11400,13.0,0.0,0.0
11401,8.0,0.0,0.0
11402,9.0,1.0,0.33058799957120155
11403,8.0,1.0,0.5078625670543859
11404,11.0,2.0,1.2304846706403199
11405,8.0,2.0,1.1999129046995267
11406,12.0,2.0,0.8620892043956996
11407,9.0,2.0,1.2447853183191464
11408,24.0,3.0,1.4378669919142193
11409,15.0,3.0,1.489230010758132
11410,11.0,3.0,1.245037796261091
11411,9.0,3.0,1.4660813838016935
11412,16.0,2.0,0.949339833741208
11413,9.0,2.0,0.9463667558908583
11414,6.0,1.0,0.27502281916664595
11415,10.0,1.0,0.250720227928736
11416,10.0,1.0,0.21951802002797294
11417,9.0,1.0,0.15991045060331927
11418,13.0,0.0,0.0
11419,13.0,0.0,0.0
11420,11.0,0.0,0.0
11421,11.0,0.0,0.0
11422,16.0,0.0,0.0
11423,14.0,0.0,0.0
11424,12.0,0.0,0.0
11425,16.0,0.0,0.0
11426,13.0,0.0,0.0
11427,15.0,0.0,0.0
11428,8.0,0.0,0.0
11429,13.0,0.0,0.0
11430,14.0,0.0,0.0
11431,12.0,0.0,0.0
11432,13.0,0.0,0.0
11433,19.0,0.0,0.0
11434,10.0,0.0,0.0
11435,10.0,0.0,0.0
11436,7.0,0.0,0.0
11437,15.0,0.0,0.0
11438,13.0,0.0,0.0
11439,9.0,0.0,0.0
11440,11.0,0.0,0.0
11441,13.0,0.0,0.0
11442,17.0,0.0,0.0
11443,8.0,0.0,0.0
11444,19.0,0.0,0.0
11445,16.0,0.0,0.0
11446,8.0,2.0,1.6867983568442224
11447,10.0,2.0,1.7078400729474323
11448,15.0,2.0,1.757827456877793
11449,7.0,3.0,2.038461977656487
11450,8.0,3.0,2.036241301832197
11451,13.0,3.0,2.0105414157519523
11452,12.0,3.0,2.0116183469389473
11453,13.0,3.0,1.9847344447307496
11454,10.0,3.0,2.0080117205599466
11455,15.0,3.0,2.0098776568126437
11456,12.0,1.0,0.21213382830441874
11457,8.0,1.0,0.21063880708769797
11458,11.0,1.0,0.20025255661465227
11459,9.0,0.0,0.0
11460,12.0,0.0,0.0
11461,12.0,0.0,0.0
11462,11.0,0.0,0.0
11463,14.0,0.0,0.0
11464,15.0,0.0,0.0
11465,11.0,0.0,0.0
11466,12.0,0.0,0.0
11467,19.0,0.0,0.0
11468,13.0,0.0,0.0
11469,13.0,0.0,0.0
11470,14.0,0.0,0.0
11471,13.0,0.0,0.0
11472,14.0,0.0,0.0
11473,15.0,1.0,0.24001706095494532
11474,15.0,1.0,0.3005794619183041
11475,11.0,1.0,0.3163028297579065
11476,6.0,1.0,0.3450462640518381
11477,13.0,1.0,0.3798242649222442
11478,13.0,1.0,0.3681270403117641
11479,15.0,1.0,0.33081909512024404
11480,17.0,1.0,0.3539488218015253
11481,11.0,1.0,0.3238229724706151
11482,6.0,1.0,0.2747676237081344
11483,19.0,0.0,0.0
11484,8.0,0.0,0.0
11485,7.0,0.0,0.0
11486,13.0,0.0,0.0
11487,11.0,0.0,0.0
11488,7.0,0.0,0.0
11489,10.0,0.0,0.0
11490,17.0,0.0,0.0
11491,13.0,0.0,0.0
11492,12.0,0.0,0.0
11493,11.0,0.0,0.0
11494,6.0,0.0,0.0
11495,11.0,0.0,0.0
11496,14.0,0.0,0.0
11497,8.0,0.0,0.0
11498,11.0,0.0,0.0
11499,9.0,0.0,0.0
11500,13.0,0.0,0.0
11501,16.0,0.0,0.0
11502,7.0,0.0,0.0
11503,11.0,0.0,0.0
11504,9.0,0.0,0.0
11505,6.0,0.0,0.0
11506,8.0,0.0,0.0
11507,7.0,0.0,0.0
11508,11.0,0.0,0.0
11509,12.0,0.0,0.0
11510,20.0,1.0,0.36759538596079355
11511,13.0,1.0,0.7182676165975161
11512,12.0,1.0,0.8370864509697246
11513,12.0,1.0,0.8481891824105962
11514,12.0,1.0,0.8600925618350188
11515,9.0,1.0,0.7768921093015028
11516,10.0,1.0,0.879393695355124
11517,8.0,3.0,1.2196376050270294
11518,9.0,3.0,1.1669338256376491
11519,17.0,3.0,1.5680844983179916
11520,12.0,2.0,0.7923578127087154
11521,14.0,3.0,1.2367128769873164
11522,14.0,3.0,1.3849772134481395
11523,11.0,3.0,1.3051069286418886
11524,10.0,3.0,0.9759517880964866
11525,6.0,3.0,1.2397562877134738
11526,11.0,3.0,1.4561764289716586
11527,10.0,1.0,0.44527984826915395
11528,18.0,1.0,0.44811231456461653
11529,8.0,1.0,0.3128555781354978
11530,4.0,1.0,0.3146928894827717
11531,8.0,0.0,0.0
11532,13.0,1.0,1.2090351289862211
11533,13.0,2.0,1.2141677617158209
11534,9.0,2.0,1.0264145680256762
11535,14.0,2.0,0.36018793549455663
11536,17.0,2.0,0.972766148400162
11537,11.0,2.0,1.193673717891757
11538,16.0,2.0,1.213003825907233
11539,8.0,2.0,1.2496830812190916
11540,12.0,2.0,1.0740753208397062
11541,19.0,2.0,1.368335731254645
11542,16.0,1.0,0.21676352582588237
11543,13.0,0.0,0.0
11544,16.0,0.0,0.0
11545,13.0,0.0,0.0
11546,11.0,0.0,0.0
11547,10.0,0.0,0.0
11548,10.0,0.0,0.0
11549,9.0,1.0,0.5509074203776593
11550,10.0,1.0,0.6250948931136039
11551,7.0,1.0,0.5999440568318491
11552,10.0,1.0,0.6079694237740091
11553,15.0,1.0,0.6282557049407831
11554,7.0,1.0,0.6282254813194709
11555,11.0,1.0,0.6243158585407318
11556,9.0,1.0,0.2795252667022122
11557,12.0,1.0,0.48957505886263336
11558,10.0,1.0,0.6276641975222275
11559,10.0,0.0,0.0
11560,17.0,0.0,0.0
11561,7.0,0.0,0.0
11562,10.0,0.0,0.0
11563,6.0,0.0,0.0
11564,15.0,1.0,0.17027412689749694
11565,11.0,1.0,0.16607967596597228
11566,13.0,1.0,0.16817935147863608
11567,12.0,1.0,0.1678625855638052
11568,13.0,1.0,0.16352327348672374
11569,8.0,1.0,0.17525520717511153
11570,10.0,1.0,0.18302409159770106
11571,11.0,2.0,1.0011447621980714
11572,7.0,2.0,1.0469996351934219
11573,9.0,2.0,1.045287128326426
11574,17.0,1.0,0.9417025491809974
11575,16.0,1.0,0.9682455359936967
11576,13.0,1.0,0.9424903413878642
11577,10.0,1.0,0.9074491996189675
11578,11.0,1.0,0.8798612376365338
11579,9.0,1.0,0.7686270717080175
11580,6.0,2.0,1.1057404122663144
11581,10.0,1.0,0.48905844527101056
11582,10.0,1.0,0.49329797422109356
11583,12.0,1.0,0.48226317766364873
11584,9.0,2.0,0.7271373427318679
11585,14.0,2.0,0.758172367054975
11586,9.0,2.0,0.7611444257772735
11587,10.0,2.0,0.7718557833317985
11588,9.0,2.0,0.7603351221698407
11589,13.0,2.0,0.7038647359276686
11590,9.0,1.0,0.27041526819418776
11591,9.0,1.0,0.2673724075010296
11592,14.0,1.0,0.2659708521642045
11593,10.0,1.0,0.26372676346317414
11594,12.0,0.0,0.0
11595,17.0,0.0,0.0
11596,6.0,0.0,0.0
11597,12.0,0.0,0.0
11598,10.0,0.0,0.0
11599,10.0,0.0,0.0
11600,9.0,0.0,0.0
11601,14.0,0.0,0.0
11602,6.0,0.0,0.0
11603,10.0,1.0,0.3824444137210228
11604,13.0,1.0,0.590082021649935
11605,17.0,1.0,0.6016294079517532
11606,10.0,1.0,0.2266965144365324
11607,17.0,1.0,0.5689861233979825
11608,15.0,1.0,0.5645787921157062
11609,17.0,1.0,0.3848284289777021
11610,10.0,2.0,0.3600517903095068
11611,19.0,2.0,0.4197749824401006
11612,8.0,2.0,0.30508559777280625
11613,5.0,1.0,0.3318679257552624
11614,25.0,1.0,0.38550147813216706
11615,10.0,1.0,0.4083078746034317
11616,13.0,1.0,0.35622548027761636
11617,13.0,2.0,0.8370811245803789
11618,18.0,2.0,0.8380336809769631
11619,10.0,2.0,0.7328301666509502
11620,16.0,1.0,0.49999999999999994
11621,13.0,1.0,0.49999999999999994
11622,17.0,1.0,0.5
11623,13.0,2.0,0.5853922643166376
11624,14.0,2.0,0.7126351676034006
11625,10.0,2.0,0.7043440002289386
11626,6.0,2.0,1.231406867481482
11627,8.0,1.0,0.7519510276267336
11628,9.0,1.0,0.758132914240162
11629,16.0,1.0,0.8935082479732456
11630,12.0,1.0,1.0819248734416924
11631,8.0,1.0,1.0268117149107754
11632,12.0,1.0,0.9764313436460215
11633,11.0,0.0,0.0
11634,17.0,0.0,0.0
11635,8.0,0.0,0.0
11636,16.0,0.0,0.0
11637,6.0,0.0,0.0
11638,14.0,0.0,0.0
11639,14.0,0.0,0.0
11640,17.0,0.0,0.0
11641,11.0,0.0,0.0
11642,11.0,0.0,0.0
11643,17.0,0.0,0.0
11644,7.0,0.0,0.0
11645,14.0,0.0,0.0
11646,12.0,0.0,0.0
11647,15.0,0.0,0.0
11648,27.0,0.0,0.0
11649,15.0,0.0,0.0
11650,12.0,0.0,0.0
11651,15.0,0.0,0.0
11652,15.0,0.0,0.0
11653,13.0,0.0,0.0
11654,8.0,0.0,0.0
11655,14.0,0.0,0.0
11656,13.0,0.0,0.0
11657,8.0,0.0,0.0
11658,10.0,0.0,0.0
11659,14.0,1.0,0.38297613632866684
11660,13.0,1.0,0.4054941778182434
11661,17.0,2.0,0.8920827255069765
11662,10.0,2.0,0.8113791529523123
11663,13.0,2.0,0.8979767209723923
11664,14.0,2.0,0.8542369351051337
11665,11.0,2.0,0.6506636626209872
11666,14.0,2.0,0.6718637967795914
11667,7.0,3.0,1.0182382530123688
11668,10.0,3.0,1.1249569019022148
11669,7.0,2.0,0.8348181195152744
11670,14.0,2.0,0.7909284743669502
11671,16.0,1.0,0.43630228130908894
11672,8.0,1.0,0.4608344871858717
11673,15.0,1.0,0.4465528722966287
11674,12.0,1.0,0.414646899035288
11675,12.0,1.0,0.40120677857189896
11676,11.0,1.0,0.3310398800557525
11677,15.0,0.0,0.0
11678,8.0,0.0,0.0
11679,11.0,0.0,0.0
11680,5.0,0.0,0.0
11681,12.0,0.0,0.0
11682,11.0,0.0,0.0
11683,6.0,0.0,0.0
11684,9.0,0.0,0.0
11685,14.0,0.0,0.0
11686,12.0,0.0,0.0
11687,16.0,0.0,0.0
11688,19.0,0.0,0.0
11689,16.0,0.0,0.0
11690,16.0,0.0,0.0
11691,11.0,0.0,0.0
11692,12.0,0.0,0.0
11693,14.0,0.0,0.0
11694,11.0,0.0,0.0
11695,14.0,0.0,0.0
11696,15.0,0.0,0.0
11697,9.0,0.0,0.0
11698,5.0,0.0,0.0
11699,12.0,0.0,0.0
11700,9.0,1.0,0.6271312054445524
11701,16.0,1.0,0.4976068325177449
11702,14.0,2.0,0.7884177846454634
11703,13.0,2.0,0.9527378311336122
11704,17.0,2.0,0.6725361815485601
11705,14.0,2.0,0.8694328869995781
11706,14.0,2.0,1.06922292822728
11707,7.0,2.0,1.0527929098123323
11708,9.0,2.0,1.1481368361484143
11709,15.0,2.0,0.5559425449135603
11710,12.0,1.0,0.47884738489808065
11711,11.0,1.0,0.4778119684817557
11712,12.0,0.0,0.0
11713,14.0,0.0,0.0
11714,10.0,0.0,0.0
11715,10.0,2.0,1.7095008680942616
11716,13.0,2.0,1.8225999278693281
11717,16.0,2.0,1.8622381447850123
11718,18.0,3.0,2.6564549671206703
11719,17.0,3.0,2.8382276407965814
11720,12.0,3.0,2.798878951807067
11721,11.0,3.0,2.2157209687005017
11722,16.0,3.0,2.7929883726239777
11723,8.0,3.0,2.7323016657063324
11724,16.0,3.0,2.420334313576232
11725,15.0,1.0,0.9455412883239845
11726,14.0,1.0,0.4914324765959971
11727,7.0,1.0,0.6155347414071641
11728,10.0,1.0,0.19541375592007001
11729,8.0,1.0,0.21045578042621593
11730,17.0,1.0,0.20929082957682524
11731,15.0,2.0,0.7547392184676345
11732,14.0,2.0,1.2902564555814875
11733,8.0,2.0,1.6996053644172753
11734,16.0,2.0,1.5171547943882882
11735,14.0,2.0,1.267275236271442
11736,14.0,2.0,1.2982240908119829
11737,10.0,2.0,1.2904410753103226
11738,23.0,2.0,1.943438801352714
11739,16.0,2.0,1.4359182932659662
11740,22.0,2.0,1.6631981452935536
11741,5.0,1.0,0.4511418580555147
11742,9.0,1.0,0.5460584572326175
11743,10.0,1.0,0.030512341646834196
11744,14.0,1.0,0.23436212685223948
11745,17.0,1.0,0.488729624465173
11746,8.0,1.0,0.5386187236391291
11747,13.0,1.0,0.5441385890631697
11748,11.0,0.0,0.0
11749,17.0,0.0,0.0
11750,8.0,0.0,0.0
11751,14.0,0.0,0.0
11752,11.0,0.0,0.0
11753,14.0,0.0,0.0
11754,15.0,0.0,0.0
11755,17.0,0.0,0.0
11756,10.0,0.0,0.0
11757,12.0,0.0,0.0
11758,16.0,0.0,0.0
11759,9.0,0.0,0.0
11760,12.0,0.0,0.0
11761,7.0,0.0,0.0
11762,9.0,0.0,0.0
11763,12.0,0.0,0.0
11764,10.0,0.0,0.0
11765,14.0,0.0,0.0
11766,10.0,0.0,0.0
11767,12.0,0.0,0.0
11768,15.0,0.0,0.0
11769,13.0,0.0,0.0
11770,14.0,0.0,0.0
11771,10.0,0.0,0.0
11772,17.0,0.0,0.0
11773,6.0,0.0,0.0
11774,7.0,0.0,0.0
11775,17.0,0.0,0.0
11776,15.0,0.0,0.0
11777,9.0,0.0,0.0
11778,10.0,0.0,0.0
11779,14.0,0.0,0.0
11780,12.0,0.0,0.0
11781,16.0,0.0,0.0
11782,9.0,0.0,0.0
11783,10.0,0.0,0.0
11784,15.0,0.0,0.0
11785,11.0,0.0,0.0
11786,10.0,0.0,0.0
11787,10.0,0.0,0.0
11788,10.0,0.0,0.0
11789,10.0,0.0,0.0
11790,10.0,0.0,0.0
11791,12.0,0.0,0.0
11792,13.0,1.0,0.8103480478214973
11793,5.0,1.0,1.0371718959759904
11794,13.0,1.0,0.9922403080713731
11795,13.0,1.0,1.0490492612341915
11796,13.0,1.0,1.1975428525574943
11797,13.0,1.0,1.069045876283872
11798,9.0,1.0,1.0801857946098952
11799,10.0,1.0,0.9921003045216482
11800,9.0,1.0,1.1352817885434159
11801,10.0,1.0,0.987352410930404
11802,12.0,0.0,0.0
11803,14.0,0.0,0.0
11804,6.0,0.0,0.0
11805,14.0,0.0,0.0
11806,15.0,0.0,0.0
11807,9.0,0.0,0.0
11808,13.0,0.0,0.0
11809,12.0,0.0,0.0
11810,10.0,0.0,0.0
11811,10.0,0.0,0.0
11812,13.0,1.0,0.3412674650102245
11813,13.0,1.0,0.3670210941035915
11814,12.0,1.0,0.44332937316640786
11815,12.0,1.0,0.4588798598700519
11816,8.0,1.0,0.49397472049631086
11817,12.0,1.0,0.4936258001523547
11818,10.0,1.0,0.4385139858613879
11819,11.0,1.0,0.3675741885871488
11820,11.0,1.0,0.37487316765552886
11821,19.0,1.0,0.43982779063524946
11822,14.0,0.0,0.0
11823,8.0,0.0,0.0
11824,12.0,1.0,0.3648064439282598
11825,12.0,2.0,0.9763996009486047
11826,13.0,2.0,1.0203061509888547
11827,11.0,3.0,1.2675299276332694
11828,25.0,3.0,1.4588128718984235
11829,17.0,3.0,1.5757239165911603
11830,13.0,3.0,1.9738538354732877
11831,16.0,4.0,2.68476448818296
11832,11.0,4.0,2.4076548232204584
11833,17.0,4.0,2.4502992069568514
11834,10.0,3.0,2.3889707893673893
11835,21.0,2.0,1.8484447092138954
11836,10.0,2.0,1.8536449127997723
11837,11.0,1.0,0.8923034151287911
11838,11.0,1.0,0.8895914033381546
11839,12.0,1.0,0.8532257813973673
11840,16.0,2.0,1.6919649377017412
11841,8.0,1.0,0.903014251711458
11842,10.0,1.0,0.9474501134839737
11843,10.0,1.0,0.9875590733453106
11844,17.0,1.0,0.9488331958316397
11845,13.0,1.0,0.9476621797976312
11846,10.0,1.0,0.9323161061913716
11847,12.0,1.0,0.9270497683076415
11848,10.0,1.0,0.8300632386948384
11849,15.0,1.0,0.7326623916833094
11850,14.0,0.0,0.0
11851,16.0,1.0,0.35032939288217896
11852,7.0,1.0,0.4696242612334656
11853,13.0,1.0,0.611924098695896
11854,8.0,1.0,0.6264253950215541
11855,17.0,1.0,0.09236446463152795
11856,9.0,1.0,0.5637934171034867
11857,13.0,1.0,0.5882434241385517
11858,10.0,1.0,0.6283159456259463
11859,16.0,1.0,0.6186315781152434
11860,14.0,1.0,0.6264570299062482
11861,19.0,0.0,0.0
11862,14.0,0.0,0.0
11863,17.0,0.0,0.0
11864,12.0,0.0,0.0
11865,11.0,0.0,0.0
11866,12.0,0.0,0.0
11867,9.0,0.0,0.0
11868,8.0,0.0,0.0
11869,16.0,0.0,0.0
11870,7.0,0.0,0.0
11871,12.0,0.0,0.0
11872,12.0,0.0,0.0
11873,15.0,0.0,0.0
11874,12.0,0.0,0.0
11875,5.0,0.0,0.0
11876,11.0,0.0,0.0
11877,7.0,0.0,0.0
11878,13.0,1.0,0.2077552700336084
11879,12.0,1.0,0.028891864897510694
11880,15.0,1.0,0.2050975867853872
11881,12.0,1.0,0.32611151792752996
11882,18.0,1.0,0.4664516688073989
11883,8.0,1.0,0.4901464663289489
11884,13.0,1.0,0.5043654915286411
11885,5.0,1.0,0.48307411779000625
11886,17.0,1.0,0.4552325607182829
11887,14.0,1.0,0.47101274096377305
11888,10.0,0.0,0.0
11889,14.0,0.0,0.0
11890,5.0,0.0,0.0
11891,10.0,0.0,0.0
11892,10.0,0.0,0.0
11893,6.0,0.0,0.0
11894,10.0,0.0,0.0
11895,10.0,0.0,0.0
11896,17.0,1.0,0.20458872761475758
11897,16.0,1.0,0.277589991246831
11898,10.0,2.0,0.4066784615335007
11899,10.0,2.0,0.41117145332133115
11900,8.0,2.0,0.5774646018452979
11901,11.0,3.0,1.2354703247727485
11902,16.0,3.0,1.2382435411341206
11903,10.0,3.0,1.262759931525116
11904,15.0,3.0,1.0100075688952403
11905,14.0,4.0,1.4938209769993556
11906,12.0,3.0,0.9766371306596857
11907,12.0,3.0,0.6807546603246675
11908,8.0,2.0,0.7917557838721507
11909,11.0,2.0,0.820231174295307
11910,16.0,2.0,1.0396649413259058
11911,10.0,1.0,0.5422064999012025
11912,17.0,1.0,0.5777778395593509
11913,8.0,1.0,0.11955319975489107
11914,23.0,1.0,0.43947247686816243
11915,17.0,0.0,0.0
11916,11.0,0.0,0.0
11917,14.0,0.0,0.0
11918,11.0,0.0,0.0
11919,9.0,0.0,0.0
11920,9.0,0.0,0.0
11921,9.0,0.0,0.0
11922,7.0,0.0,0.0
11923,6.0,0.0,0.0
11924,10.0,0.0,0.0
11925,9.0,0.0,0.0
11926,14.0,0.0,0.0
11927,9.0,0.0,0.0
11928,13.0,0.0,0.0
11929,11.0,0.0,0.0
11930,12.0,0.0,0.0
11931,17.0,0.0,0.0
11932,12.0,0.0,0.0
11933,15.0,0.0,0.0
11934,8.0,0.0,0.0
11935,13.0,0.0,0.0
11936,9.0,0.0,0.0
11937,11.0,0.0,0.0
11938,14.0,0.0,0.0
11939,5.0,0.0,0.0
11940,14.0,0.0,0.0
11941,17.0,1.0,1.3427634223244844
11942,10.0,1.0,1.1021909955402422
11943,14.0,1.0,1.187746556037959
11944,12.0,1.0,1.2956071593242848
11945,10.0,1.0,1.3735576732708614
11946,17.0,1.0,1.4220853567568417
11947,13.0,1.0,1.379091387089443
11948,3.0,1.0,1.2881750394827296
11949,13.0,1.0,1.3055918794513601
11950,9.0,1.0,1.3036775656156059
11951,10.0,0.0,0.0
11952,12.0,0.0,0.0
11953,13.0,0.0,0.0
11954,18.0,0.0,0.0
11955,15.0,0.0,0.0
11956,9.0,0.0,0.0
11957,13.0,0.0,0.0
11958,12.0,0.0,0.0
11959,12.0,0.0,0.0
11960,12.0,0.0,0.0
11961,10.0,0.0,0.0
11962,7.0,0.0,0.0
11963,13.0,0.0,0.0
11964,12.0,0.0,0.0
11965,10.0,0.0,0.0
11966,11.0,0.0,0.0
11967,17.0,0.0,0.0
11968,9.0,0.0,0.0
11969,10.0,0.0,0.0
11970,8.0,0.0,0.0
11971,6.0,0.0,0.0
11972,22.0,0.0,0.0
11973,15.0,1.0,0.4847110773538779
11974,16.0,1.0,0.4469139243907513
11975,11.0,1.0,0.6228072375638639
11976,9.0,1.0,0.6246724506028959
11977,6.0,1.0,0.603138329105767
11978,18.0,1.0,0.6156675162357514
11979,12.0,2.0,1.2553527231871002
11980,12.0,2.0,1.4803306111906247
11981,13.0,3.0,1.7116596218815212
11982,11.0,3.0,1.7351764938765264
11983,12.0,2.0,1.2056383530888148
11984,12.0,2.0,1.190384206254066
11985,10.0,2.0,1.2495572569246234
11986,18.0,2.0,1.3328873218761412
11987,10.0,2.0,1.3389952555185374
11988,8.0,2.0,1.3068114407265057
11989,7.0,1.0,0.37454306689419564
11990,4.0,1.0,0.3703028502433727
11991,12.0,2.0,0.7475916878476666
11992,11.0,2.0,1.430306400610227
11993,9.0,2.0,1.318783061468726
11994,7.0,2.0,1.4408694360896477
11995,11.0,2.0,1.4053541185965135
11996,14.0,2.0,1.460159007132058
11997,13.0,3.0,2.0881966236898997
11998,12.0,3.0,1.7193004095570472
11999,13.0,3.0,0.9613477430666779
12000,18.0,3.0,1.220424484829798
12001,13.0,1.0,0.5843424717263729
12002,8.0,1.0,0.3899366045840783
12003,7.0,1.0,0.612609466044134
12004,19.0,1.0,0.6098336080131246
12005,11.0,1.0,0.6211101125207527
12006,9.0,1.0,0.5974181252312878
12007,10.0,0.0,0.0
12008,16.0,0.0,0.0
12009,13.0,0.0,0.0
12010,16.0,0.0,0.0
12011,15.0,0.0,0.0
12012,9.0,0.0,0.0
12013,12.0,0.0,0.0
12014,10.0,0.0,0.0
12015,3.0,0.0,0.0
12016,12.0,0.0,0.0
12017,12.0,0.0,0.0
12018,12.0,0.0,0.0
12019,5.0,0.0,0.0
12020,9.0,0.0,0.0
12021,10.0,0.0,0.0
12022,13.0,0.0,0.0
12023,8.0,0.0,0.0
12024,5.0,0.0,0.0
12025,10.0,0.0,0.0
12026,10.0,0.0,0.0
12027,19.0,0.0,0.0
12028,15.0,0.0,0.0
12029,7.0,0.0,0.0
12030,11.0,1.0,0.8602762667400082
12031,13.0,1.0,0.8726507292711752
12032,9.0,1.0,0.8720567042620292
12033,11.0,1.0,0.8719933703371017
12034,11.0,1.0,0.8628888513388144
12035,16.0,1.0,0.8564864091342457
12036,11.0,1.0,0.8687083088345827
12037,14.0,1.0,0.87125480916899
12038,14.0,1.0,0.8640426436038081
12039,11.0,1.0,0.8697465358436843
12040,14.0,0.0,0.0
12041,8.0,0.0,0.0
12042,5.0,0.0,0.0
12043,14.0,0.0,0.0
12044,11.0,0.0,0.0
12045,13.0,0.0,0.0
12046,12.0,0.0,0.0
12047,13.0,0.0,0.0
12048,12.0,0.0,0.0
12049,17.0,1.0,1.229925004823939
12050,12.0,1.0,1.2421505535009598
12051,7.0,1.0,1.2464874206191126
12052,13.0,1.0,1.2253476221928468
12053,5.0,1.0,1.230978967423904
12054,8.0,1.0,1.2365544993463995
12055,21.0,1.0,1.240692443585233
12056,16.0,1.0,1.225221936103532
12057,8.0,1.0,1.2265827308162902
12058,10.0,1.0,1.2147834039615373
12059,9.0,0.0,0.0
12060,9.0,0.0,0.0
12061,15.0,0.0,0.0
12062,11.0,1.0,0.48504517189981566
12063,10.0,1.0,0.4869526480147242
12064,12.0,1.0,0.4868145059976411
12065,8.0,2.0,0.9799337246984251
12066,19.0,2.0,0.981093819263113
12067,13.0,2.0,0.9896450719268679
12068,10.0,2.0,0.9851556524154519
12069,14.0,2.0,0.9862954050396568
12070,14.0,2.0,0.9800419840294793
12071,8.0,2.0,0.9596239319147419
12072,17.0,1.0,0.4999999999999999
12073,10.0,1.0,0.49999999999999994
12074,12.0,1.0,0.4999999999999999
12075,8.0,1.0,0.5766288256753596
12076,12.0,1.0,0.6363706239407361
12077,11.0,1.0,0.6412187383683878
12078,15.0,1.0,0.6315802868900835
12079,11.0,1.0,0.5652822017664798
12080,17.0,1.0,0.5701875765381821
12081,15.0,2.0,1.0506200918418702
12082,13.0,2.0,1.163580990035396
12083,11.0,2.0,1.4320185137149708
12084,13.0,2.0,1.1886987599849848
12085,14.0,2.0,1.3358095193513937
12086,9.0,2.0,1.4805749530521723
12087,7.0,2.0,1.4134056261787118
12088,15.0,2.0,1.452893312146652
12089,14.0,2.0,1.5236428132414144
12090,18.0,2.0,1.4551469241475248
12091,17.0,1.0,0.61436228209234
12092,12.0,1.0,0.49379925367805616
12093,10.0,1.0,0.40816230535604126
12094,12.0,1.0,0.3476938414985237
12095,10.0,0.0,0.0
12096,11.0,0.0,0.0
12097,13.0,0.0,0.0
12098,11.0,0.0,0.0
12099,12.0,0.0,0.0
12100,9.0,0.0,0.0
12101,8.0,0.0,0.0
12102,13.0,0.0,0.0
12103,12.0,0.0,0.0
12104,13.0,1.0,0.32698928404170713
12105,10.0,1.0,0.3321110806504576
12106,17.0,1.0,0.3328556272489526
12107,5.0,1.0,0.3301577972817201
12108,10.0,1.0,0.3339105763849282
12109,13.0,1.0,0.34292559282829405
12110,16.0,1.0,0.3343701013069073
12111,17.0,1.0,0.3249952270881956
12112,11.0,1.0,0.31835044922820965
12113,11.0,1.0,0.3167102402268068
12114,11.0,0.0,0.0
12115,15.0,0.0,0.0
12116,15.0,0.0,0.0
12117,14.0,0.0,0.0
12118,12.0,0.0,0.0
12119,14.0,0.0,0.0
12120,14.0,0.0,0.0
12121,13.0,0.0,0.0
12122,11.0,0.0,0.0
12123,10.0,1.0,0.5121451054956196
12124,12.0,1.0,0.5126815743628865
12125,17.0,1.0,0.5141205965854463
12126,9.0,1.0,0.5147108230567654
12127,8.0,1.0,0.5137432665771179
12128,12.0,2.0,1.0590686017245416
12129,8.0,3.0,1.340478156939826
12130,7.0,3.0,1.3461811381151598
12131,10.0,3.0,1.3453993742335766
12132,15.0,3.0,1.3479857027370516
12133,8.0,2.0,0.844354139728007
12134,20.0,2.0,0.8496152598330042
12135,10.0,2.0,0.8383700797694869
12136,8.0,2.0,0.8005164657915197
12137,12.0,2.0,0.7197889798854216
12138,12.0,1.0,0.22956155522286273
12139,15.0,0.0,0.0
12140,9.0,0.0,0.0
12141,8.0,0.0,0.0
12142,10.0,0.0,0.0
12143,15.0,0.0,0.0
12144,17.0,0.0,0.0
12145,13.0,0.0,0.0
12146,10.0,0.0,0.0
12147,16.0,0.0,0.0
12148,12.0,0.0,0.0
12149,8.0,1.0,0.5803321707153677
12150,11.0,1.0,0.5955721376838498
12151,18.0,1.0,0.5982457367842174
12152,10.0,1.0,0.6087785279919491
12153,15.0,1.0,0.5914242565658474
12154,13.0,1.0,0.6078202859761848
12155,16.0,1.0,0.5944046033992971
12156,10.0,1.0,0.5974848448086799
12157,9.0,1.0,0.5841567418971861
12158,14.0,1.0,0.5651664583276582
12159,14.0,0.0,0.0
12160,10.0,0.0,0.0
12161,15.0,0.0,0.0
12162,10.0,0.0,0.0
12163,10.0,0.0,0.0
12164,9.0,1.0,0.633535661578279
12165,12.0,1.0,0.6479409730855707
12166,10.0,1.0,0.6447047219802464
12167,13.0,1.0,0.6076332442998224
12168,13.0,1.0,0.6285888078894116
12169,8.0,1.0,0.6427247991308259
12170,11.0,1.0,0.6394083988614718
12171,11.0,1.0,0.6315609097706733
12172,14.0,1.0,0.2729491412247479
12173,9.0,1.0,0.09784622254745848
12174,16.0,0.0,0.0
12175,9.0,1.0,0.5206630618469844
12176,12.0,1.0,0.5467408425230461
12177,8.0,1.0,0.5462093369589516
12178,17.0,1.0,0.5567036019835411
12179,10.0,1.0,0.5450226450329326
12180,14.0,1.0,0.5500422779713277
12181,12.0,1.0,0.5494263613155081
12182,6.0,1.0,0.5511369767940789
12183,9.0,1.0,0.5396865983658792
12184,16.0,1.0,0.5274442337678941
12185,14.0,0.0,0.0
12186,10.0,0.0,0.0
12187,17.0,0.0,0.0
12188,11.0,0.0,0.0
12189,10.0,0.0,0.0
12190,15.0,0.0,0.0
12191,13.0,0.0,0.0
12192,11.0,0.0,0.0
12193,7.0,0.0,0.0
12194,12.0,0.0,0.0
12195,14.0,0.0,0.0
12196,16.0,0.0,0.0
12197,9.0,1.0,0.6260562281515308
12198,11.0,1.0,0.643695653573308
12199,6.0,1.0,0.6492748860638161
12200,16.0,1.0,0.6486320695795503
12201,12.0,1.0,0.6483034989811949
12202,15.0,1.0,0.6470511298944411
12203,10.0,1.0,0.6473569132962844
12204,12.0,1.0,0.6478081398742647
12205,18.0,1.0,0.6481565198462285
12206,11.0,1.0,0.6476388685650947
12207,12.0,0.0,0.0
12208,14.0,0.0,0.0
12209,15.0,0.0,0.0
12210,11.0,0.0,0.0
12211,8.0,0.0,0.0
12212,17.0,0.0,0.0
12213,14.0,1.0,0.5909224848092159
12214,12.0,1.0,0.5908261977073863
12215,17.0,1.0,0.5914409142901987
12216,12.0,1.0,0.5928513715501258
12217,16.0,1.0,0.5955696284742698
12218,19.0,1.0,0.6004333787734673
12219,7.0,1.0,0.604821005734193
12220,12.0,1.0,0.5892791179232557
12221,10.0,1.0,0.5276342841743252
12222,5.0,2.0,1.3014849164703297
12223,7.0,1.0,0.8897561747289048
12224,13.0,1.0,0.9155587604524489
12225,9.0,1.0,0.939736021249396
12226,14.0,1.0,0.9393602119017893
12227,12.0,1.0,0.9392795037798581
12228,12.0,1.0,0.9552738467413597
12229,15.0,2.0,1.3450722172431604
12230,16.0,2.0,1.3333375190315337
12231,8.0,2.0,1.3096867771638967
12232,10.0,1.0,0.461101716744519
12233,13.0,1.0,0.4698963461993815
12234,15.0,1.0,0.46969067129122527
12235,9.0,1.0,0.45979685407429355
12236,10.0,1.0,0.440812864869568
12237,16.0,2.0,0.876921799692219
12238,9.0,2.0,0.8779384955149401
12239,9.0,1.0,0.4516125411471851
12240,12.0,1.0,0.45838477660669924
12241,14.0,1.0,0.47089055477371417
12242,12.0,1.0,0.4743058828758392
12243,6.0,1.0,0.4692032979343272
12244,10.0,1.0,0.4518335633931657
12245,18.0,2.0,0.9755569972850815
12246,13.0,2.0,0.9527954243083834
12247,14.0,1.0,0.532566663781632
12248,14.0,1.0,0.536874793601908
12249,9.0,1.0,0.5410657449235851
12250,12.0,1.0,0.5401883288808715
12251,11.0,1.0,0.5379919548696528
12252,9.0,1.0,0.5356358605050261
12253,10.0,1.0,0.5238977718847786
12254,14.0,1.0,0.5076175038235896
12255,14.0,0.0,0.0
12256,15.0,0.0,0.0
12257,10.0,0.0,0.0
12258,14.0,0.0,0.0
12259,11.0,0.0,0.0
12260,14.0,0.0,0.0
12261,13.0,0.0,0.0
12262,14.0,0.0,0.0
12263,12.0,1.0,0.6743252098351259
12264,11.0,1.0,0.6839539570890106
12265,11.0,1.0,0.6880574759286315
12266,12.0,1.0,0.6916295921679859
12267,14.0,2.0,1.4024734735468707
12268,6.0,2.0,1.4043443089195182
12269,13.0,2.0,1.3994974676669942
12270,15.0,2.0,1.4009640400268775
12271,9.0,2.0,1.3999920085137036
12272,14.0,2.0,1.3948694365578824
12273,14.0,1.0,0.7128302896603156
12274,10.0,1.0,0.7143479164315932
12275,11.0,1.0,0.7085846748862684
12276,9.0,1.0,0.7083514395469434
12277,11.0,0.0,0.0
12278,18.0,0.0,0.0
12279,7.0,0.0,0.0
12280,7.0,0.0,0.0
12281,13.0,0.0,0.0
12282,22.0,0.0,0.0
12283,13.0,0.0,0.0
12284,14.0,0.0,0.0
12285,15.0,0.0,0.0
12286,8.0,0.0,0.0
12287,14.0,0.0,0.0
12288,12.0,0.0,0.0
12289,12.0,1.0,0.2720657397008651
12290,19.0,1.0,0.27333056012197554
12291,13.0,1.0,0.2685801492849592
12292,13.0,1.0,0.2686590730225339
12293,14.0,1.0,0.27397962590953534
12294,13.0,1.0,0.27805449348532124
12295,14.0,1.0,0.2747532675532808
12296,8.0,2.0,1.5084787063424618
12297,13.0,2.0,1.5250952115696998
12298,5.0,2.0,1.5049303874397444
12299,9.0,2.0,1.7014479656678119
12300,18.0,2.0,1.732125441553281
12301,12.0,2.0,1.811961142831967
12302,10.0,2.0,1.7674969748746698
12303,6.0,2.0,1.6129348657696445
12304,11.0,2.0,1.5000961115885194
12305,13.0,2.0,1.4377278502234447
12306,15.0,1.0,0.4968810402835898
12307,11.0,1.0,0.4667666817406378
12308,13.0,1.0,0.41780627734736103
12309,10.0,0.0,0.0
12310,8.0,0.0,0.0
12311,13.0,0.0,0.0
12312,14.0,0.0,0.0
12313,16.0,0.0,0.0
12314,5.0,0.0,0.0
12315,14.0,0.0,0.0
12316,13.0,0.0,0.0
12317,10.0,0.0,0.0
12318,9.0,0.0,0.0
12319,13.0,0.0,0.0
12320,8.0,0.0,0.0
12321,12.0,0.0,0.0
12322,9.0,0.0,0.0
12323,10.0,0.0,0.0
12324,18.0,0.0,0.0
12325,16.0,0.0,0.0
12326,11.0,0.0,0.0
12327,11.0,0.0,0.0
12328,7.0,0.0,0.0
12329,13.0,0.0,0.0
12330,14.0,0.0,0.0
12331,11.0,0.0,0.0
12332,8.0,0.0,0.0
12333,12.0,0.0,0.0
12334,15.0,0.0,0.0
12335,11.0,0.0,0.0
12336,12.0,0.0,0.0
12337,11.0,0.0,0.0
12338,10.0,1.0,0.5010613300830242
12339,15.0,1.0,0.5667643462406641
12340,10.0,1.0,0.6279024387611822
12341,13.0,1.0,0.6474741821871082
12342,14.0,1.0,0.6522597777737564
12343,14.0,2.0,1.3469761280168748
12344,8.0,2.0,1.3669292111651337
12345,10.0,2.0,1.3943845108184707
12346,11.0,2.0,1.4076277032249487
12347,7.0,2.0,1.4094784889744372
12348,13.0,1.0,0.8075502086697277
12349,13.0,1.0,0.7859279901153162
12350,12.0,1.0,0.7598081016305417
12351,9.0,1.0,0.736332457145325
12352,10.0,1.0,0.7043723118003725
12353,6.0,0.0,0.0
12354,15.0,0.0,0.0
12355,8.0,0.0,0.0
12356,15.0,0.0,0.0
12357,14.0,0.0,0.0
12358,15.0,0.0,0.0
12359,6.0,0.0,0.0
12360,15.0,0.0,0.0
12361,13.0,0.0,0.0
12362,10.0,0.0,0.0
12363,11.0,0.0,0.0
12364,11.0,0.0,0.0
12365,13.0,0.0,0.0
12366,12.0,1.0,0.6191939852280602
12367,12.0,1.0,0.6131107805495327
12368,11.0,1.0,0.6074258390601333
12369,5.0,1.0,0.5851009905189875
12370,7.0,1.0,0.5895025553661588
12371,13.0,1.0,0.6132656716177372
12372,13.0,1.0,0.6197953575832997
12373,12.0,1.0,0.607810931297282
12374,11.0,1.0,0.4947646869796695
12375,12.0,2.0,0.8334178246971273
12376,16.0,1.0,0.4465185073948147
12377,9.0,1.0,0.45248265937183907
12378,10.0,1.0,0.4556099130447582
12379,20.0,1.0,0.45639934751891736
12380,9.0,1.0,0.4557909298701726
12381,8.0,1.0,0.45645000565930904
12382,13.0,1.0,0.4537627174006145
12383,14.0,1.0,0.4499496998622544
12384,10.0,1.0,0.4451339853512018
12385,13.0,0.0,0.0
12386,12.0,0.0,0.0
12387,13.0,0.0,0.0
12388,11.0,0.0,0.0
12389,7.0,0.0,0.0
12390,16.0,0.0,0.0
12391,8.0,0.0,0.0
12392,11.0,0.0,0.0
12393,17.0,0.0,0.0
12394,12.0,0.0,0.0
12395,14.0,0.0,0.0
12396,15.0,0.0,0.0
12397,7.0,0.0,0.0
12398,8.0,0.0,0.0
12399,11.0,0.0,0.0
12400,3.0,0.0,0.0
12401,10.0,0.0,0.0
12402,12.0,0.0,0.0
12403,11.0,0.0,0.0
12404,12.0,0.0,0.0
12405,10.0,0.0,0.0
12406,14.0,0.0,0.0
12407,12.0,0.0,0.0
12408,15.0,0.0,0.0
12409,16.0,0.0,0.0
12410,12.0,0.0,0.0
12411,19.0,0.0,0.0
12412,13.0,0.0,0.0
12413,16.0,0.0,0.0
12414,10.0,0.0,0.0
12415,13.0,1.0,1.0944439193846651
12416,11.0,1.0,1.108523174991403
12417,21.0,1.0,1.1135629257074489
12418,12.0,2.0,1.9942638124201442
12419,18.0,2.0,2.112767005532187
12420,16.0,2.0,2.252577372235937
12421,13.0,2.0,2.186193740401905
12422,19.0,2.0,1.9724717148331052
12423,10.0,2.0,1.817813009989622
12424,9.0,2.0,1.8044594937932172
12425,15.0,1.0,1.0378805648029759
12426,8.0,1.0,1.0109128931438072
12427,4.0,1.0,0.9606370742141498
12428,23.0,0.0,0.0
12429,14.0,0.0,0.0
12430,14.0,0.0,0.0
12431,8.0,0.0,0.0
12432,11.0,0.0,0.0
12433,20.0,0.0,0.0
12434,20.0,0.0,0.0
12435,14.0,0.0,0.0
12436,9.0,0.0,0.0
12437,10.0,0.0,0.0
12438,14.0,0.0,0.0
12439,11.0,0.0,0.0
12440,6.0,0.0,0.0
12441,10.0,0.0,0.0
12442,15.0,0.0,0.0
12443,8.0,0.0,0.0
12444,7.0,0.0,0.0
12445,8.0,0.0,0.0
12446,12.0,0.0,0.0
12447,9.0,0.0,0.0
12448,9.0,0.0,0.0
12449,13.0,0.0,0.0
12450,7.0,0.0,0.0
12451,6.0,0.0,0.0
12452,13.0,0.0,0.0
12453,15.0,0.0,0.0
12454,15.0,0.0,0.0
12455,11.0,0.0,0.0
12456,11.0,0.0,0.0
12457,11.0,0.0,0.0
12458,9.0,0.0,0.0
12459,12.0,0.0,0.0
12460,10.0,0.0,0.0
12461,12.0,0.0,0.0
12462,5.0,0.0,0.0
12463,11.0,0.0,0.0
12464,8.0,0.0,0.0
12465,14.0,0.0,0.0
12466,10.0,0.0,0.0
12467,17.0,0.0,0.0
12468,10.0,0.0,0.0
12469,10.0,0.0,0.0
12470,8.0,0.0,0.0
12471,6.0,0.0,0.0
12472,9.0,0.0,0.0
12473,9.0,0.0,0.0
12474,16.0,0.0,0.0
12475,13.0,0.0,0.0
12476,4.0,0.0,0.0
12477,10.0,0.0,0.0
12478,11.0,0.0,0.0
12479,11.0,0.0,0.0
12480,15.0,0.0,0.0
12481,6.0,0.0,0.0
12482,6.0,0.0,0.0
12483,14.0,0.0,0.0
12484,14.0,0.0,0.0
12485,10.0,1.0,1.4892371446476989
12486,9.0,1.0,1.4874317853656556
12487,13.0,2.0,2.0061089255050772
12488,16.0,2.0,2.01837367889093
12489,10.0,2.0,2.0272714211138374
12490,17.0,2.0,2.0351829012064266
12491,12.0,2.0,2.03860131056702
12492,11.0,2.0,2.0370924056467348
12493,14.0,2.0,2.0316386160635616
12494,8.0,3.0,2.404789954281866
12495,10.0,2.0,0.913528060338425
12496,10.0,2.0,0.9275441504360028
12497,23.0,1.0,0.4011695601077698
12498,12.0,1.0,0.390914134118948
12499,10.0,1.0,0.3834931368955172
12500,14.0,1.0,0.410556102764268
12501,12.0,2.0,1.680889705571279
12502,9.0,2.0,1.6599981667848236
12503,15.0,2.0,1.6019838716508696
12504,13.0,1.0,1.2863024861685606
12505,13.0,2.0,2.111352209131672
12506,12.0,2.0,2.1113709458462373
12507,6.0,2.0,2.119454998453089
12508,16.0,2.0,2.1144552832046193
12509,19.0,2.0,2.105712141107222
12510,15.0,2.0,2.093539681403437
12511,15.0,1.0,0.832258200479025
12512,13.0,1.0,0.7875607048977791
12513,10.0,1.0,0.7394634922402968
12514,13.0,1.0,0.7202155175166268
12515,17.0,0.0,0.0
12516,12.0,0.0,0.0
12517,14.0,0.0,0.0
12518,8.0,0.0,0.0
12519,5.0,0.0,0.0
12520,14.0,0.0,0.0
12521,5.0,0.0,0.0
12522,12.0,0.0,0.0
12523,13.0,0.0,0.0
12524,17.0,0.0,0.0
12525,6.0,0.0,0.0
12526,14.0,0.0,0.0
12527,15.0,0.0,0.0
12528,11.0,0.0,0.0
12529,13.0,0.0,0.0
12530,12.0,0.0,0.0
12531,13.0,0.0,0.0
12532,11.0,0.0,0.0
12533,9.0,1.0,0.1591981135267836
12534,17.0,1.0,0.16670655173344143
12535,12.0,1.0,0.17176663042097565
12536,11.0,2.0,0.8240963006911467
12537,14.0,2.0,0.41180879606156484
12538,11.0,2.0,0.5747332754743857
12539,12.0,3.0,1.667332292985238
12540,19.0,3.0,2.001932062925627
12541,14.0,3.0,1.844455279632557
12542,17.0,3.0,1.7317221958086895
12543,13.0,3.0,1.6891414116003813
12544,9.0,3.0,1.6118909760299118
12545,11.0,3.0,1.336415621407282
12546,10.0,2.0,1.2159132502588283
12547,13.0,2.0,1.3031670048718462
12548,12.0,2.0,0.7196208825155301
12549,14.0,1.0,0.41905140858808787
12550,17.0,1.0,0.4146413467325705
12551,21.0,1.0,0.3870523993835656
12552,10.0,1.0,0.37813138080223746
12553,13.0,0.0,0.0
12554,10.0,0.0,0.0
12555,9.0,0.0,0.0
12556,14.0,0.0,0.0
12557,16.0,0.0,0.0
12558,17.0,0.0,0.0
12559,13.0,0.0,0.0
12560,19.0,0.0,0.0
12561,20.0,0.0,0.0
12562,12.0,0.0,0.0
12563,11.0,0.0,0.0
12564,18.0,0.0,0.0
12565,17.0,0.0,0.0
12566,10.0,0.0,0.0
12567,7.0,0.0,0.0
12568,11.0,0.0,0.0
12569,11.0,0.0,0.0
12570,8.0,0.0,0.0
12571,11.0,0.0,0.0
12572,13.0,0.0,0.0
12573,11.0,0.0,0.0
12574,9.0,0.0,0.0
12575,12.0,0.0,0.0
12576,11.0,0.0,0.0
12577,15.0,0.0,0.0
12578,15.0,0.0,0.0
12579,8.0,0.0,0.0
12580,8.0,0.0,0.0
12581,7.0,0.0,0.0
12582,8.0,0.0,0.0
12583,12.0,0.0,0.0
12584,10.0,0.0,0.0
12585,11.0,0.0,0.0
12586,14.0,0.0,0.0
12587,11.0,0.0,0.0
12588,14.0,0.0,0.0
12589,9.0,0.0,0.0
12590,10.0,0.0,0.0
12591,12.0,0.0,0.0
12592,7.0,0.0,0.0
12593,10.0,0.0,0.0
12594,9.0,0.0,0.0
12595,15.0,0.0,0.0
12596,15.0,0.0,0.0
12597,16.0,0.0,0.0
12598,11.0,0.0,0.0
12599,9.0,0.0,0.0
12600,16.0,0.0,0.0
12601,13.0,0.0,0.0
12602,11.0,0.0,0.0
12603,14.0,0.0,0.0
12604,15.0,0.0,0.0
12605,13.0,0.0,0.0
12606,12.0,0.0,0.0
12607,12.0,0.0,0.0
12608,12.0,0.0,0.0
12609,12.0,0.0,0.0
12610,12.0,0.0,0.0
12611,10.0,0.0,0.0
12612,7.0,0.0,0.0
12613,13.0,0.0,0.0
12614,10.0,0.0,0.0
12615,6.0,0.0,0.0
12616,8.0,0.0,0.0
12617,16.0,0.0,0.0
12618,13.0,0.0,0.0
12619,9.0,0.0,0.0
12620,8.0,0.0,0.0
12621,15.0,0.0,0.0
12622,9.0,0.0,0.0
12623,14.0,0.0,0.0
12624,13.0,0.0,0.0
12625,10.0,0.0,0.0
12626,16.0,0.0,0.0
12627,18.0,0.0,0.0
12628,12.0,0.0,0.0
12629,11.0,0.0,0.0
12630,10.0,0.0,0.0
12631,11.0,0.0,0.0
12632,9.0,0.0,0.0
12633,10.0,0.0,0.0
12634,13.0,0.0,0.0
12635,12.0,0.0,0.0
12636,12.0,0.0,0.0
12637,22.0,0.0,0.0
12638,9.0,0.0,0.0
12639,15.0,0.0,0.0
12640,9.0,0.0,0.0
12641,13.0,0.0,0.0
12642,14.0,0.0,0.0
12643,10.0,0.0,0.0
12644,14.0,0.0,0.0
12645,7.0,0.0,0.0
12646,10.0,0.0,0.0
12647,15.0,0.0,0.0
12648,16.0,0.0,0.0
12649,10.0,0.0,0.0
12650,11.0,0.0,0.0
12651,13.0,0.0,0.0
12652,14.0,0.0,0.0
12653,11.0,0.0,0.0
12654,22.0,0.0,0.0
12655,15.0,1.0,0.3505173675989294
12656,16.0,1.0,0.3683661740141987
12657,19.0,1.0,0.385506915960309
12658,15.0,1.0,0.39692243786680675
12659,11.0,1.0,0.397431047273203
12660,13.0,1.0,0.39571215948918786
12661,11.0,1.0,0.3925949669353755
12662,17.0,1.0,0.3889463094364436
12663,8.0,1.0,0.3835868553162485
12664,14.0,1.0,0.3729127209027513
12665,11.0,1.0,0.529666968170484
12666,14.0,1.0,0.6082789767176912
12667,10.0,1.0,0.640974449727683
12668,7.0,1.0,0.647791524670434
12669,9.0,1.0,0.6322997760995389
12670,11.0,1.0,0.6423840486589687
12671,15.0,2.0,1.609870703894979
12672,12.0,2.0,1.6075379777150527
12673,12.0,2.0,1.5701387479654123
12674,15.0,2.0,1.4688440714579354
12675,16.0,1.0,0.9660737731381667
12676,8.0,1.0,0.952093322882708
12677,20.0,1.0,0.9530747016919202
12678,8.0,2.0,1.718863174773404
12679,13.0,2.0,1.7649056926714233
12680,21.0,2.0,1.78524167322824
12681,9.0,1.0,0.8576820668505515
12682,14.0,1.0,0.8740385003544563
12683,16.0,1.0,0.8830863834047854
12684,14.0,1.0,0.8621534306725123
12685,11.0,1.0,0.8642053224961465
12686,11.0,1.0,0.8028260124455799
12687,14.0,2.0,1.3610541868275505
12688,16.0,1.0,0.6462214615792954
12689,9.0,1.0,0.6472219407737793
12690,18.0,1.0,0.6494658101822628
12691,11.0,1.0,0.6490061268991162
12692,14.0,1.0,0.6495006655811014
12693,12.0,1.0,0.6439478886771108
12694,8.0,1.0,0.6366532625917772
12695,18.0,1.0,0.6344156336554085
12696,13.0,1.0,0.6459105314485032
12697,8.0,0.0,0.0
12698,11.0,0.0,0.0
12699,4.0,0.0,0.0
12700,10.0,0.0,0.0
12701,11.0,0.0,0.0
12702,18.0,0.0,0.0
12703,13.0,0.0,0.0
12704,27.0,0.0,0.0
12705,13.0,0.0,0.0
12706,15.0,0.0,0.0
12707,10.0,0.0,0.0
12708,12.0,0.0,0.0
12709,10.0,0.0,0.0
12710,14.0,1.0,0.5702756790994452
12711,15.0,1.0,0.444569797075193
12712,10.0,1.0,0.54245735551343
12713,18.0,3.0,1.225179047005542
12714,16.0,3.0,1.6656552366250739
12715,10.0,3.0,1.7139243621937754
12716,12.0,3.0,1.685711623996828
12717,12.0,3.0,1.3424622474271657
12718,8.0,3.0,1.5973898794769266
12719,15.0,3.0,1.5949806862461933
12720,9.0,2.0,1.113753919152047
12721,13.0,2.0,0.9718306971587141
12722,14.0,2.0,0.6261525141512494
12723,9.0,0.0,0.0
12724,12.0,0.0,0.0
12725,15.0,1.0,0.21557043182097188
12726,15.0,1.0,0.25562296841310095
12727,8.0,1.0,0.30203163221808305
12728,13.0,1.0,0.308797583813294
12729,18.0,1.0,0.3113545091948023
12730,12.0,1.0,0.3157394315331694
12731,10.0,1.0,0.31512025321505127
12732,17.0,1.0,0.31484329842511527
12733,13.0,1.0,0.31572295841888837
12734,14.0,1.0,0.31647934746403383
12735,11.0,0.0,0.0
12736,17.0,0.0,0.0
12737,12.0,0.0,0.0
12738,11.0,0.0,0.0
12739,16.0,0.0,0.0
12740,13.0,0.0,0.0
12741,13.0,0.0,0.0
12742,17.0,0.0,0.0
12743,13.0,0.0,0.0
12744,10.0,0.0,0.0
12745,10.0,0.0,0.0
12746,10.0,0.0,0.0
12747,11.0,0.0,0.0
12748,9.0,0.0,0.0
12749,13.0,0.0,0.0
12750,10.0,0.0,0.0
12751,13.0,0.0,0.0
12752,13.0,0.0,0.0
12753,15.0,0.0,0.0
12754,15.0,0.0,0.0
12755,14.0,0.0,0.0
12756,14.0,0.0,0.0
12757,21.0,0.0,0.0
12758,9.0,1.0,0.29918494627924574
12759,13.0,1.0,0.30782490130312795
12760,16.0,1.0,0.31075132673463185
12761,11.0,1.0,0.3112094458289013
12762,16.0,1.0,0.31072952227809547
12763,8.0,1.0,0.3111124471264231
12764,15.0,1.0,0.3114495594723846
12765,18.0,1.0,0.3112223605552325
12766,8.0,1.0,0.3086350513770098
12767,4.0,1.0,0.3032025278759311
12768,12.0,0.0,0.0
12769,11.0,0.0,0.0
12770,9.0,0.0,0.0
12771,11.0,2.0,0.7153065722498204
12772,7.0,2.0,0.7347805608221021
12773,15.0,2.0,0.7368224264898512
12774,15.0,2.0,0.7386429995413285
12775,15.0,2.0,0.739176289181087
12776,10.0,2.0,0.7386515637530612
12777,7.0,2.0,0.7362139453082379
12778,8.0,2.0,0.7375028819101292
12779,15.0,2.0,0.736972592583454
12780,16.0,2.0,0.7356880433287509
12781,9.0,0.0,0.0
12782,8.0,0.0,0.0
12783,12.0,0.0,0.0
12784,7.0,0.0,0.0
12785,9.0,0.0,0.0
12786,18.0,1.0,0.43892237232947523
12787,10.0,1.0,0.4420982798019251
12788,13.0,1.0,0.44706901066244803
12789,13.0,1.0,0.44891639661464056
12790,17.0,1.0,0.4532069189144459
12791,18.0,1.0,0.4551948447500506
12792,10.0,1.0,0.45377729899112845
12793,9.0,1.0,0.44528484128416623
12794,15.0,1.0,0.43452619770003786
12795,14.0,1.0,0.4199485052231579
12796,10.0,1.0,0.7522679053355382
12797,14.0,1.0,0.827893934280075
12798,17.0,1.0,0.876305768242684
12799,10.0,1.0,0.9093746279860786
12800,12.0,1.0,0.9222831142049008
12801,12.0,1.0,0.9135140778198165
12802,14.0,1.0,0.90756565056069
12803,10.0,1.0,0.8926486573914767
12804,10.0,1.0,0.8713747445601698
12805,16.0,1.0,0.830455652906643
12806,12.0,0.0,0.0
12807,6.0,0.0,0.0
12808,14.0,0.0,0.0
12809,9.0,0.0,0.0
12810,13.0,0.0,0.0
12811,11.0,0.0,0.0
12812,15.0,0.0,0.0
12813,10.0,0.0,0.0
12814,18.0,0.0,0.0
12815,11.0,0.0,0.0
12816,11.0,0.0,0.0
12817,5.0,0.0,0.0
12818,19.0,0.0,0.0
12819,18.0,0.0,0.0
12820,7.0,0.0,0.0
12821,12.0,0.0,0.0
12822,11.0,0.0,0.0
12823,7.0,0.0,0.0
12824,19.0,0.0,0.0
12825,14.0,0.0,0.0
12826,10.0,0.0,0.0
12827,11.0,0.0,0.0
12828,13.0,0.0,0.0
12829,9.0,0.0,0.0
12830,4.0,0.0,0.0
12831,11.0,0.0,0.0
12832,15.0,0.0,0.0
12833,10.0,0.0,0.0
12834,11.0,0.0,0.0
12835,17.0,0.0,0.0
12836,9.0,0.0,0.0
12837,19.0,1.0,0.6271475750720974
12838,17.0,1.0,0.6261632617354926
12839,14.0,1.0,0.6278569830213477
12840,11.0,1.0,0.6246858219772886
12841,18.0,1.0,0.6264367066011154
12842,19.0,1.0,0.6269119035047422
12843,11.0,1.0,0.628514506410619
12844,7.0,1.0,0.628520179322918
12845,15.0,1.0,0.6273172017254849
12846,13.0,1.0,0.6266508776155747
12847,11.0,0.0,0.0
12848,9.0,0.0,0.0
12849,9.0,0.0,0.0
12850,13.0,1.0,1.0617447720758046
12851,10.0,1.0,1.2080611024480299
12852,6.0,1.0,1.233117893604754
12853,9.0,1.0,1.241437979113732
12854,13.0,1.0,1.2406083132583066
12855,11.0,1.0,1.2393706473378858
12856,14.0,1.0,1.2414216240136386
12857,11.0,1.0,1.2322482546242803
12858,16.0,1.0,1.2231415934523808
12859,4.0,1.0,1.2111884020658097
12860,9.0,0.0,0.0
12861,7.0,0.0,0.0
12862,14.0,0.0,0.0
12863,12.0,0.0,0.0
12864,12.0,0.0,0.0
12865,17.0,0.0,0.0
12866,12.0,0.0,0.0
12867,13.0,0.0,0.0
12868,11.0,0.0,0.0
12869,9.0,0.0,0.0
12870,7.0,0.0,0.0
12871,11.0,0.0,0.0
12872,9.0,0.0,0.0
12873,15.0,0.0,0.0
12874,13.0,0.0,0.0
12875,7.0,0.0,0.0
12876,8.0,0.0,0.0
12877,13.0,0.0,0.0
12878,12.0,0.0,0.0
12879,11.0,0.0,0.0
12880,14.0,0.0,0.0
12881,8.0,0.0,0.0
12882,6.0,1.0,1.1742606718993156
12883,10.0,1.0,1.1864994191700868
12884,16.0,1.0,1.205845511511443
12885,13.0,1.0,1.2408190987486807
12886,15.0,1.0,1.2530151347493665
12887,14.0,1.0,1.2525507188962486
12888,15.0,1.0,1.249398985025805
12889,8.0,1.0,1.2249235205945808
12890,13.0,1.0,1.1655587403697338
12891,10.0,1.0,1.1124906143647417
12892,13.0,0.0,0.0
12893,9.0,0.0,0.0
12894,12.0,0.0,0.0
12895,12.0,1.0,0.28247345217529946
12896,9.0,1.0,0.28770125161317534
12897,11.0,1.0,0.29025186391925717
12898,8.0,1.0,0.29001443318404013
12899,9.0,1.0,0.29057773570772905
12900,6.0,1.0,0.29069016945696113
12901,13.0,2.0,0.6252584314206927
12902,12.0,2.0,0.6351823421936411
12903,13.0,2.0,0.636198657563056
12904,6.0,2.0,0.6355204716316316
12905,21.0,1.0,0.34814310997657966
12906,20.0,1.0,0.34931856765851876
12907,8.0,1.0,0.34786671900376326
12908,10.0,2.0,0.8829877718670545
12909,16.0,2.0,0.9595056084679051
12910,13.0,2.0,0.9561716687858233
12911,10.0,1.0,0.6230971622931685
12912,15.0,1.0,0.6294490473259229
12913,18.0,1.0,0.6242160303947852
12914,4.0,1.0,0.6360553423375157
12915,9.0,2.0,1.8657807332731111
12916,9.0,2.0,1.7906607274067516
12917,12.0,2.0,1.7387467754161294
12918,6.0,1.0,1.250669350990156
12919,9.0,1.0,1.2494909796100309
12920,11.0,1.0,1.2575501301291931
12921,12.0,1.0,1.2569942719282967
12922,8.0,1.0,1.249640123421626
12923,9.0,1.0,1.2405633488744092
12924,12.0,1.0,1.2352138065481193
12925,6.0,0.0,0.0
12926,11.0,0.0,0.0
12927,14.0,1.0,0.44231413335260944
12928,12.0,1.0,0.45443103620587877
12929,15.0,1.0,0.46361191236768623
12930,13.0,2.0,1.1713150096764724
12931,15.0,2.0,1.1722968478338742
12932,18.0,2.0,1.1716514426888753
12933,18.0,2.0,1.1724727032909845
12934,13.0,2.0,1.1730550426080861
12935,12.0,2.0,1.1685876725945314
12936,8.0,2.0,1.1569721031194014
12937,15.0,1.0,0.7015729685724245
12938,15.0,1.0,0.6863508888948378
12939,8.0,1.0,0.675672715335986
12940,11.0,0.0,0.0
12941,12.0,0.0,0.0
12942,9.0,0.0,0.0
12943,16.0,0.0,0.0
12944,7.0,0.0,0.0
12945,6.0,0.0,0.0
12946,18.0,1.0,1.3246183877678983
12947,12.0,1.0,1.4194264686787716
12948,12.0,1.0,1.4429361658349176
12949,6.0,1.0,1.457167267176893
12950,11.0,1.0,1.4646223183206581
12951,16.0,1.0,1.4568746224506095
12952,19.0,1.0,1.4524907274918066
12953,15.0,1.0,1.4448146193866485
12954,13.0,1.0,1.4394076685738317
12955,13.0,1.0,1.4368484683191505
12956,13.0,0.0,0.0
12957,8.0,0.0,0.0
12958,9.0,0.0,0.0
12959,11.0,0.0,0.0
12960,11.0,0.0,0.0
12961,8.0,0.0,0.0
12962,10.0,0.0,0.0
12963,4.0,0.0,0.0
12964,17.0,0.0,0.0
12965,9.0,0.0,0.0
12966,13.0,1.0,1.3271060162791604
12967,11.0,1.0,1.3432351258321706
12968,11.0,1.0,1.354188691011758
12969,12.0,1.0,1.361412468344581
12970,15.0,1.0,1.3666178855099462
12971,11.0,1.0,1.3675399943634958
12972,9.0,1.0,1.365832645557882
12973,20.0,1.0,1.355353592303203
12974,9.0,1.0,1.3313137501609453
12975,21.0,1.0,1.2889681756487001
12976,13.0,0.0,0.0
12977,10.0,0.0,0.0
12978,8.0,0.0,0.0
12979,4.0,0.0,0.0
12980,11.0,0.0,0.0
12981,14.0,0.0,0.0
12982,12.0,0.0,0.0
12983,11.0,0.0,0.0
12984,12.0,0.0,0.0
12985,8.0,0.0,0.0
12986,13.0,0.0,0.0
12987,11.0,0.0,0.0
12988,12.0,0.0,0.0
12989,14.0,0.0,0.0
12990,11.0,0.0,0.0
12991,12.0,0.0,0.0
12992,16.0,0.0,0.0
12993,8.0,0.0,0.0
12994,14.0,0.0,0.0
12995,12.0,0.0,0.0
12996,13.0,0.0,0.0
12997,8.0,0.0,0.0
12998,11.0,0.0,0.0
12999,11.0,0.0,0.0
13000,7.0,0.0,0.0
13001,12.0,1.0,0.4025226664359605
13002,7.0,1.0,0.41335963319649094
13003,11.0,1.0,0.4257300545601797
13004,16.0,1.0,0.44589318856951754
13005,4.0,1.0,0.4642774632134563
13006,14.0,1.0,0.4649915428444559
13007,9.0,1.0,0.44280612113697887
13008,8.0,1.0,0.40939088371013727
13009,9.0,1.0,0.37434259635061395
13010,10.0,1.0,0.34748309598596067
13011,17.0,0.0,0.0
13012,10.0,0.0,0.0
13013,14.0,0.0,0.0
13014,6.0,0.0,0.0
13015,11.0,0.0,0.0
13016,9.0,0.0,0.0
13017,12.0,0.0,0.0
13018,8.0,0.0,0.0
13019,12.0,0.0,0.0
13020,11.0,0.0,0.0
13021,13.0,0.0,0.0
13022,9.0,0.0,0.0
13023,12.0,0.0,0.0
13024,4.0,0.0,0.0
13025,14.0,0.0,0.0
13026,19.0,0.0,0.0
13027,13.0,0.0,0.0
13028,12.0,0.0,0.0
13029,7.0,0.0,0.0
13030,16.0,0.0,0.0
13031,10.0,0.0,0.0
13032,6.0,0.0,0.0
13033,10.0,0.0,0.0
13034,12.0,0.0,0.0
13035,6.0,0.0,0.0
13036,6.0,0.0,0.0
13037,13.0,0.0,0.0
13038,6.0,0.0,0.0
13039,11.0,0.0,0.0
13040,17.0,0.0,0.0
13041,9.0,0.0,0.0
13042,10.0,0.0,0.0
13043,14.0,0.0,0.0
13044,11.0,0.0,0.0
13045,18.0,0.0,0.0
13046,11.0,0.0,0.0
13047,10.0,0.0,0.0
13048,12.0,0.0,0.0
13049,15.0,0.0,0.0
13050,11.0,0.0,0.0
13051,6.0,0.0,0.0
13052,6.0,0.0,0.0
13053,11.0,0.0,0.0
13054,14.0,0.0,0.0
13055,16.0,1.0,0.5020672421534846
13056,10.0,1.0,0.519750469299883
13057,16.0,1.0,0.5195474052144341
13058,9.0,3.0,1.2803166866182378
13059,21.0,4.0,1.774356946967816
13060,10.0,4.0,1.7846679861347758
13061,10.0,5.0,2.3550301928764554
13062,9.0,5.0,2.5492708709222835
13063,17.0,5.0,2.744125112615742
13064,15.0,5.0,2.712046225974288
13065,13.0,4.0,2.198204548781482
13066,19.0,4.0,2.150203942610925
13067,11.0,4.0,2.142009551853169
13068,12.0,2.0,1.3736391779620982
13069,7.0,1.0,0.932582528290464
13070,9.0,1.0,0.9411825705544611
13071,14.0,0.0,0.0
13072,12.0,0.0,0.0
13073,13.0,0.0,0.0
13074,15.0,0.0,0.0
13075,9.0,0.0,0.0
13076,16.0,0.0,0.0
13077,12.0,0.0,0.0
13078,4.0,0.0,0.0
13079,12.0,0.0,0.0
13080,7.0,0.0,0.0
13081,19.0,0.0,0.0
13082,13.0,0.0,0.0
13083,10.0,0.0,0.0
13084,13.0,0.0,0.0
13085,8.0,0.0,0.0
13086,12.0,0.0,0.0
13087,14.0,1.0,0.7494965269413653
13088,14.0,1.0,0.7920826380651518
13089,7.0,1.0,0.8406004208938048
13090,16.0,1.0,0.8995748901790278
13091,14.0,1.0,0.933939133586062
13092,21.0,1.0,0.8785428002016018
13093,8.0,1.0,0.8383372579644232
13094,11.0,1.0,0.7800099277461547
13095,14.0,1.0,0.661448541905449
13096,11.0,1.0,0.5223121606593945
13097,15.0,0.0,0.0
13098,8.0,0.0,0.0
13099,11.0,0.0,0.0
13100,12.0,0.0,0.0
13101,10.0,0.0,0.0
13102,15.0,0.0,0.0
13103,18.0,0.0,0.0
13104,10.0,1.0,0.4858509697251046
13105,13.0,1.0,0.44501709280138185
13106,9.0,1.0,0.4856438367492865
13107,9.0,2.0,0.7901286640484373
13108,11.0,2.0,0.8621864819089553
13109,11.0,2.0,0.9157265961101607
13110,8.0,2.0,0.8980242481569232
13111,9.0,2.0,0.8802232780461718
13112,17.0,2.0,0.8830064638591073
13113,14.0,2.0,0.8721621838133755
13114,9.0,1.0,0.34848128462206174
13115,14.0,1.0,0.3120846707773427
13116,20.0,1.0,0.285067800731636
13117,11.0,0.0,0.0
13118,5.0,0.0,0.0
13119,9.0,0.0,0.0
13120,10.0,0.0,0.0
13121,7.0,0.0,0.0
13122,10.0,0.0,0.0
13123,12.0,0.0,0.0
13124,12.0,0.0,0.0
13125,16.0,0.0,0.0
13126,6.0,0.0,0.0
13127,16.0,0.0,0.0
13128,13.0,0.0,0.0
13129,7.0,0.0,0.0
13130,11.0,0.0,0.0
13131,16.0,0.0,0.0
13132,12.0,0.0,0.0
13133,13.0,0.0,0.0
13134,11.0,0.0,0.0
13135,10.0,0.0,0.0
13136,11.0,0.0,0.0
13137,6.0,0.0,0.0
13138,15.0,0.0,0.0
13139,10.0,0.0,0.0
13140,17.0,0.0,0.0
13141,16.0,0.0,0.0
13142,14.0,0.0,0.0
13143,17.0,0.0,0.0
13144,12.0,0.0,0.0
13145,9.0,1.0,0.28213685773498726
13146,9.0,1.0,0.3100908979419964
13147,12.0,1.0,0.3485654631198784
13148,10.0,1.0,0.3720276917391001
13149,15.0,1.0,0.3700309967076114
13150,15.0,1.0,0.3636473874438369
13151,13.0,2.0,0.5178627055526894
13152,13.0,2.0,0.5663038224914967
13153,10.0,2.0,0.5933190682759042
13154,15.0,2.0,0.6044731733557723
13155,11.0,1.0,0.24713494528938929
13156,9.0,1.0,0.24599272520384713
13157,12.0,1.0,0.2435858670504903
13158,10.0,1.0,0.24074343769066517
13159,6.0,1.0,0.2381899193479832
13160,9.0,1.0,0.236594547615413
13161,13.0,0.0,0.0
13162,7.0,0.0,0.0
13163,6.0,0.0,0.0
13164,12.0,0.0,0.0
13165,11.0,0.0,0.0
13166,14.0,0.0,0.0
13167,10.0,0.0,0.0
13168,8.0,0.0,0.0
13169,11.0,0.0,0.0
13170,7.0,0.0,0.0
13171,11.0,0.0,0.0
13172,10.0,0.0,0.0
13173,11.0,0.0,0.0
13174,14.0,0.0,0.0
13175,10.0,1.0,0.33211376765098166
13176,9.0,1.0,0.40595331825073655
13177,15.0,1.0,0.5328548200285242
13178,13.0,1.0,0.6486069007581201
13179,13.0,1.0,0.6481771379119583
13180,10.0,1.0,0.6177452123984681
13181,14.0,1.0,0.6336871169482998
13182,15.0,1.0,0.4450643786774318
13183,7.0,2.0,1.0762979315676726
13184,10.0,2.0,1.1894448315997037
13185,17.0,1.0,0.7548366434304056
13186,18.0,1.0,0.7789681945529436
13187,11.0,1.0,0.7854868984670369
13188,13.0,1.0,0.777750753398288
13189,13.0,1.0,0.7666359224782592
13190,15.0,1.0,0.761158084077022
13191,11.0,1.0,0.7542911263902464
13192,15.0,1.0,0.7290821216358354
13193,7.0,0.0,0.0
13194,11.0,0.0,0.0
13195,6.0,0.0,0.0
13196,11.0,0.0,0.0
13197,12.0,1.0,0.9458650627002978
13198,9.0,1.0,0.9680600690544097
13199,13.0,1.0,0.9907792361436603
13200,9.0,1.0,1.00263752707108
13201,9.0,1.0,1.0085289524681431
13202,11.0,1.0,1.0017266700805962
13203,12.0,2.0,1.4984222983935749
13204,5.0,2.0,1.5016169225720228
13205,17.0,2.0,1.4952372565861995
13206,9.0,2.0,1.4829639634073322
13207,11.0,1.0,0.5202864253999369
13208,10.0,1.0,0.5182974116407333
13209,10.0,1.0,0.5113990412161667
13210,12.0,1.0,0.5047308519770316
13211,9.0,1.0,0.5048388832613931
13212,14.0,1.0,0.5056161873463751
13213,6.0,0.0,0.0
13214,14.0,0.0,0.0
13215,15.0,0.0,0.0
13216,6.0,0.0,0.0
13217,9.0,0.0,0.0
13218,20.0,0.0,0.0
13219,20.0,0.0,0.0
13220,15.0,0.0,0.0
13221,12.0,0.0,0.0
13222,14.0,0.0,0.0
13223,7.0,0.0,0.0
13224,15.0,0.0,0.0
13225,12.0,0.0,0.0
13226,17.0,0.0,0.0
13227,17.0,0.0,0.0
13228,17.0,0.0,0.0
13229,11.0,0.0,0.0
13230,13.0,0.0,0.0
13231,15.0,0.0,0.0
13232,13.0,0.0,0.0
13233,8.0,0.0,0.0
13234,10.0,0.0,0.0
13235,10.0,0.0,0.0
13236,13.0,0.0,0.0
13237,11.0,0.0,0.0
13238,12.0,1.0,0.8848729715253185
13239,13.0,1.0,0.9025520701097574
13240,13.0,1.0,0.9159991881776549
13241,10.0,1.0,0.9233229051423031
13242,13.0,1.0,0.9237032455237549
13243,9.0,1.0,0.9213432066438015
13244,14.0,1.0,0.9194971285079462
13245,8.0,1.0,0.9173517985485484
13246,9.0,1.0,0.9110945352240096
13247,14.0,1.0,0.891545979865688
13248,10.0,0.0,0.0
13249,8.0,0.0,0.0
13250,6.0,0.0,0.0
13251,18.0,0.0,0.0
13252,13.0,0.0,0.0
13253,11.0,0.0,0.0
13254,14.0,0.0,0.0
13255,21.0,0.0,0.0
13256,5.0,0.0,0.0
13257,20.0,0.0,0.0
13258,17.0,0.0,0.0
13259,12.0,0.0,0.0
13260,13.0,0.0,0.0
13261,17.0,0.0,0.0
13262,16.0,0.0,0.0
13263,10.0,0.0,0.0
13264,17.0,0.0,0.0
13265,14.0,0.0,0.0
13266,12.0,0.0,0.0
13267,13.0,0.0,0.0
13268,13.0,0.0,0.0
13269,11.0,0.0,0.0
13270,5.0,0.0,0.0
13271,7.0,0.0,0.0
13272,16.0,0.0,0.0
13273,9.0,0.0,0.0
13274,10.0,0.0,0.0
13275,13.0,0.0,0.0
13276,18.0,1.0,0.6350934264469733
13277,12.0,1.0,0.8312231763014601
13278,14.0,1.0,0.9973979153193826
13279,5.0,1.0,1.04949319324879
13280,7.0,1.0,1.0430582282445204
13281,10.0,1.0,1.0382933317623708
13282,17.0,1.0,1.0476510667616052
13283,14.0,1.0,1.0146790734830162
13284,16.0,1.0,0.9200552259784477
13285,10.0,1.0,0.8344625604325756
13286,6.0,1.0,0.4357901171492419
13287,9.0,1.0,0.4550842593459712
13288,10.0,1.0,0.47276913246565844
13289,12.0,1.0,0.4860934147213337
13290,8.0,1.0,0.4924860897105498
13291,21.0,1.0,0.4909543822965102
13292,14.0,1.0,0.48525028520289953
13293,13.0,1.0,0.46028587704178064
13294,12.0,1.0,0.4462041849056559
13295,7.0,1.0,0.4244064332326377
13296,13.0,1.0,0.3592049353669815
13297,9.0,1.0,0.36993422547966714
13298,10.0,1.0,0.380014091705952
13299,11.0,1.0,0.3857914870862263
13300,17.0,1.0,0.39203897647436026
13301,9.0,1.0,0.3811667743891928
13302,8.0,1.0,0.3680476101116514
13303,9.0,1.0,0.35495552212999476
13304,5.0,1.0,0.3123540108062859
13305,15.0,1.0,0.22965074035852506
13306,15.0,0.0,0.0
13307,15.0,0.0,0.0
13308,15.0,0.0,0.0
13309,17.0,0.0,0.0
13310,10.0,0.0,0.0
13311,14.0,0.0,0.0
13312,14.0,2.0,1.2483647463833856
13313,16.0,2.0,1.406201827586709
13314,11.0,2.0,1.5737623203430346
13315,11.0,2.0,1.6660480853807542
13316,9.0,2.0,1.6729910734205167
13317,9.0,2.0,1.6635467154340848
13318,13.0,2.0,1.6529134878328278
13319,6.0,2.0,1.6335598427986513
13320,7.0,2.0,1.594634960669794
13321,9.0,2.0,1.5370898733688603
13322,15.0,0.0,0.0
13323,8.0,0.0,0.0
13324,15.0,3.0,2.6220551602377826
13325,10.0,3.0,2.753928772752407
13326,5.0,3.0,3.0505488235217966
13327,10.0,4.0,4.0231031955982
13328,12.0,4.0,4.1133003728801665
13329,20.0,4.0,4.166811585872325
13330,13.0,4.0,4.120944560176274
13331,9.0,7.0,6.104470478785482
13332,13.0,8.0,7.105543538615096
13333,14.0,8.0,6.920308586213753
13334,13.0,7.0,6.521778966115375
13335,12.0,7.0,6.661890606056338
13336,13.0,7.0,6.686555203059784
13337,5.0,6.0,5.833329452332206
13338,7.0,6.0,5.857768111770636
13339,17.0,6.0,5.840020883523274
13340,6.0,6.0,5.73175052412963
13341,11.0,3.0,3.4584752080213113
13342,13.0,2.0,2.21570851843415
13343,11.0,3.0,3.0756594207040435
13344,8.0,3.0,1.8951777126989184
13345,4.0,3.0,1.9304026979874525
13346,11.0,5.0,3.996504702188914
13347,11.0,5.0,4.0925238596555165
13348,8.0,5.0,4.138420997277998
13349,8.0,5.0,4.130930166862179
13350,12.0,5.0,4.090533608630905
13351,13.0,7.0,5.561862201988195
13352,4.0,7.0,5.636988372629031
13353,15.0,7.0,5.417463620010124
13354,5.0,5.0,4.51259576824855
13355,6.0,5.0,4.2097715701573
13356,13.0,3.0,2.4849605828149333
13357,16.0,3.0,2.5071717098200224
13358,13.0,3.0,2.5432385325707125
13359,6.0,3.0,2.5075158499800922
13360,14.0,3.0,2.337400761823413
13361,13.0,1.0,0.6506676438269143
13362,9.0,1.0,0.5944282868426726
13363,16.0,0.0,0.0
13364,12.0,0.0,0.0
13365,12.0,0.0,0.0
13366,13.0,0.0,0.0
13367,10.0,0.0,0.0
13368,7.0,0.0,0.0
13369,11.0,1.0,0.8387404297050348
13370,10.0,1.0,0.8535652574831685
13371,17.0,1.0,0.8584409923906798
13372,10.0,2.0,1.7765057146806185
13373,13.0,2.0,1.780595794942338
13374,9.0,2.0,1.7799586918950865
13375,15.0,2.0,1.779351701684254
13376,9.0,2.0,1.7831407074273282
13377,10.0,2.0,1.7759787749683285
13378,7.0,2.0,1.7475043521469908
13379,17.0,1.0,0.912410603130162
13380,15.0,1.0,0.882848751808116
13381,12.0,1.0,0.7675446891021158
13382,9.0,0.0,0.0
13383,13.0,0.0,0.0
13384,11.0,0.0,0.0
13385,15.0,0.0,0.0
13386,11.0,0.0,0.0
13387,16.0,0.0,0.0
13388,12.0,0.0,0.0
13389,9.0,0.0,0.0
13390,17.0,0.0,0.0
13391,14.0,0.0,0.0
13392,10.0,1.0,0.6844594652188388
13393,14.0,1.0,0.7654525741216452
13394,14.0,1.0,0.8082690257639186
13395,10.0,1.0,0.8484248829021636
13396,7.0,1.0,0.8357325052346741
13397,11.0,1.0,0.8198889608695165
13398,9.0,1.0,0.8087367720227039
13399,12.0,1.0,0.8021452134730962
13400,12.0,1.0,0.7475823567929504
13401,10.0,1.0,0.6605332829647153
13402,5.0,0.0,0.0
13403,11.0,0.0,0.0
13404,15.0,0.0,0.0
13405,11.0,0.0,0.0
13406,12.0,0.0,0.0
13407,12.0,0.0,0.0
13408,7.0,0.0,0.0
13409,8.0,0.0,0.0
13410,9.0,0.0,0.0
13411,14.0,0.0,0.0
13412,13.0,0.0,0.0
13413,7.0,0.0,0.0
13414,15.0,0.0,0.0
13415,13.0,0.0,0.0
13416,13.0,0.0,0.0
13417,11.0,0.0,0.0
13418,12.0,0.0,0.0
13419,12.0,0.0,0.0
13420,12.0,0.0,0.0
13421,16.0,0.0,0.0
13422,11.0,0.0,0.0
13423,7.0,0.0,0.0
13424,14.0,0.0,0.0
13425,7.0,0.0,0.0
13426,13.0,0.0,0.0
13427,13.0,0.0,0.0
13428,15.0,0.0,0.0
13429,7.0,0.0,0.0
13430,20.0,0.0,0.0
13431,16.0,0.0,0.0
13432,18.0,0.0,0.0
13433,12.0,0.0,0.0
13434,10.0,0.0,0.0
13435,13.0,0.0,0.0
13436,13.0,0.0,0.0
13437,9.0,0.0,0.0
13438,11.0,0.0,0.0
13439,10.0,0.0,0.0
13440,15.0,0.0,0.0
13441,11.0,0.0,0.0
13442,20.0,0.0,0.0
13443,5.0,0.0,0.0
13444,12.0,0.0,0.0
13445,20.0,0.0,0.0
13446,10.0,0.0,0.0
13447,13.0,0.0,0.0
13448,17.0,0.0,0.0
13449,10.0,0.0,0.0
13450,9.0,0.0,0.0
13451,11.0,0.0,0.0
13452,10.0,0.0,0.0
13453,8.0,0.0,0.0
13454,12.0,0.0,0.0
13455,15.0,0.0,0.0
13456,9.0,0.0,0.0
13457,10.0,0.0,0.0
13458,13.0,0.0,0.0
13459,18.0,0.0,0.0
13460,9.0,0.0,0.0
13461,17.0,0.0,0.0
13462,8.0,0.0,0.0
13463,11.0,0.0,0.0
13464,9.0,0.0,0.0
13465,10.0,0.0,0.0
13466,15.0,0.0,0.0
13467,14.0,0.0,0.0
13468,8.0,0.0,0.0
13469,5.0,0.0,0.0
13470,9.0,0.0,0.0
13471,10.0,0.0,0.0
13472,9.0,0.0,0.0
13473,7.0,0.0,0.0
13474,11.0,0.0,0.0
13475,11.0,0.0,0.0
13476,19.0,0.0,0.0
13477,13.0,0.0,0.0
13478,7.0,0.0,0.0
13479,15.0,0.0,0.0
13480,13.0,0.0,0.0
13481,14.0,0.0,0.0
13482,10.0,0.0,0.0
13483,17.0,0.0,0.0
13484,13.0,0.0,0.0
13485,10.0,0.0,0.0
13486,6.0,0.0,0.0
13487,15.0,0.0,0.0
13488,14.0,0.0,0.0
13489,13.0,0.0,0.0
13490,16.0,0.0,0.0
13491,15.0,0.0,0.0
13492,6.0,0.0,0.0
13493,10.0,0.0,0.0
13494,6.0,0.0,0.0
13495,11.0,0.0,0.0
13496,15.0,0.0,0.0
13497,9.0,0.0,0.0
13498,9.0,0.0,0.0
13499,9.0,0.0,0.0
13500,11.0,0.0,0.0
13501,13.0,0.0,0.0
13502,11.0,0.0,0.0
13503,9.0,0.0,0.0
13504,10.0,0.0,0.0
13505,11.0,0.0,0.0
13506,13.0,0.0,0.0
13507,15.0,0.0,0.0
13508,14.0,0.0,0.0
13509,11.0,0.0,0.0
13510,15.0,0.0,0.0
13511,16.0,0.0,0.0
13512,11.0,0.0,0.0
13513,8.0,0.0,0.0
13514,14.0,0.0,0.0
13515,15.0,0.0,0.0
13516,16.0,0.0,0.0
13517,11.0,0.0,0.0
13518,14.0,0.0,0.0
13519,12.0,0.0,0.0
13520,7.0,0.0,0.0
13521,13.0,0.0,0.0
13522,15.0,0.0,0.0
13523,8.0,1.0,0.21380312191723216
13524,12.0,1.0,0.2211550907098646
13525,10.0,1.0,0.23632963266028797
13526,15.0,1.0,0.24526607858797617
13527,11.0,1.0,0.24451696791202518
13528,13.0,1.0,0.2406628112314597
13529,12.0,1.0,0.2430907993375356
13530,14.0,2.0,0.5084589361860689
13531,11.0,2.0,0.5168224148224994
13532,7.0,2.0,0.49032814125855084
13533,12.0,1.0,0.2614149415792199
13534,10.0,1.0,0.25865851786462046
13535,15.0,1.0,0.26608778844557557
13536,10.0,1.0,0.2540812194740169
13537,16.0,1.0,0.25748655579457075
13538,11.0,1.0,0.25165424348850146
13539,12.0,1.0,0.24959469585355637
13540,17.0,0.0,0.0
13541,13.0,0.0,0.0
13542,11.0,0.0,0.0
13543,11.0,0.0,0.0
13544,15.0,0.0,0.0
13545,10.0,0.0,0.0
13546,7.0,0.0,0.0
13547,12.0,0.0,0.0
13548,7.0,0.0,0.0
13549,13.0,0.0,0.0
13550,10.0,0.0,0.0
13551,15.0,0.0,0.0
13552,14.0,0.0,0.0
13553,17.0,0.0,0.0
13554,15.0,0.0,0.0
13555,14.0,0.0,0.0
13556,5.0,0.0,0.0
13557,13.0,0.0,0.0
13558,11.0,0.0,0.0
13559,7.0,0.0,0.0
13560,4.0,0.0,0.0
13561,13.0,0.0,0.0
13562,14.0,0.0,0.0
13563,10.0,0.0,0.0
13564,13.0,0.0,0.0
13565,12.0,0.0,0.0
13566,13.0,1.0,0.6088586199269879
13567,14.0,1.0,0.3279733570599197
13568,8.0,1.0,0.30968555775324813
13569,5.0,1.0,0.5548955985130796
13570,10.0,1.0,0.4693580825035723
13571,15.0,1.0,0.5697977790659539
13572,11.0,1.0,0.777141003534246
13573,9.0,1.0,0.8693501918667627
13574,9.0,1.0,0.8859497259036897
13575,13.0,1.0,0.9295661429064065
13576,9.0,0.0,0.0
13577,13.0,0.0,0.0
13578,6.0,1.0,0.6642140559511734
13579,12.0,1.0,0.7176397004399949
13580,17.0,1.0,0.7534634446264228
13581,18.0,1.0,0.7365930599720328
13582,7.0,1.0,0.7541214742684723
13583,13.0,1.0,0.7542853540745996
13584,10.0,1.0,0.7517036675504944
13585,13.0,1.0,0.7272724478706387
13586,8.0,1.0,0.7354940653447677
13587,16.0,1.0,0.7262189531265643
13588,8.0,0.0,0.0
13589,17.0,0.0,0.0
13590,12.0,0.0,0.0
13591,10.0,0.0,0.0
13592,10.0,0.0,0.0
13593,13.0,0.0,0.0
13594,9.0,0.0,0.0
13595,10.0,0.0,0.0
13596,14.0,0.0,0.0
13597,15.0,0.0,0.0
13598,14.0,0.0,0.0
13599,5.0,0.0,0.0
13600,9.0,0.0,0.0
13601,11.0,0.0,0.0
13602,8.0,0.0,0.0
13603,6.0,0.0,0.0
13604,13.0,0.0,0.0
13605,18.0,0.0,0.0
13606,14.0,0.0,0.0
13607,10.0,0.0,0.0
13608,13.0,0.0,0.0
13609,16.0,0.0,0.0
13610,15.0,0.0,0.0
13611,14.0,0.0,0.0
13612,10.0,0.0,0.0
13613,7.0,0.0,0.0
13614,8.0,0.0,0.0
13615,11.0,0.0,0.0
13616,8.0,0.0,0.0
13617,15.0,0.0,0.0
13618,15.0,0.0,0.0
13619,14.0,0.0,0.0
13620,10.0,0.0,0.0
13621,11.0,0.0,0.0
13622,16.0,0.0,0.0
13623,11.0,0.0,0.0
13624,8.0,0.0,0.0
13625,9.0,0.0,0.0
13626,13.0,0.0,0.0
13627,12.0,0.0,0.0
13628,12.0,0.0,0.0
13629,23.0,0.0,0.0
13630,14.0,0.0,0.0
13631,10.0,0.0,0.0
13632,15.0,0.0,0.0
13633,14.0,0.0,0.0
13634,10.0,0.0,0.0
13635,17.0,0.0,0.0
13636,12.0,0.0,0.0
13637,10.0,0.0,0.0
13638,10.0,1.0,0.5099888446436448
13639,12.0,1.0,0.571968089470785
13640,18.0,1.0,0.622204293812624
13641,12.0,1.0,0.636573741015226
13642,10.0,2.0,0.8102919727697159
13643,10.0,2.0,0.8409049565935911
13644,11.0,2.0,0.8530868312165856
13645,11.0,5.0,4.0539027570315564
13646,15.0,6.0,5.271095819076422
13647,17.0,6.0,5.4245811746432775
13648,13.0,6.0,5.505035447962731
13649,13.0,9.0,9.050431297424819
13650,10.0,9.0,9.101796430829133
13651,11.0,11.0,11.837356606466757
13652,14.0,12.0,13.23608272260523
13653,10.0,12.0,13.341343033678255
13654,10.0,16.0,17.896078138835637
13655,14.0,14.0,15.756438451134523
13656,9.0,13.0,14.437878503937746
13657,14.0,13.0,14.24148937123379
13658,13.0,14.0,16.71231941341466
13659,15.0,12.0,15.24420493058112
13660,10.0,12.0,15.293483681826729
13661,7.0,11.0,14.26799451231716
13662,13.0,9.0,12.620100952388631
13663,12.0,9.0,12.679604957623233
13664,15.0,6.0,8.950369593418579
13665,16.0,5.0,7.775666269336173
13666,9.0,5.0,7.746636912342358
13667,9.0,5.0,7.6554664913632315
13668,14.0,4.0,5.607910068753703
13669,8.0,3.0,3.8140451754781743
13670,12.0,3.0,3.7490442827714556
13671,11.0,2.0,2.0549960723232883
13672,11.0,2.0,1.9608669138317343
13673,19.0,2.0,1.8151399948045444
13674,8.0,2.0,2.4430722279749837
13675,6.0,3.0,2.8136391111807963
13676,6.0,3.0,2.8352448613212826
13677,11.0,7.0,6.561483703781934
13678,10.0,6.0,6.052044842250934
13679,10.0,6.0,6.391186053844675
13680,9.0,7.0,7.060422617087787
13681,8.0,8.0,7.568988883634354
13682,11.0,8.0,7.478749550026014
13683,13.0,10.0,9.343902157443981
13684,12.0,10.0,9.242260469494317
13685,10.0,9.0,8.423222794996317
13686,16.0,9.0,9.193766493297298
13687,18.0,8.0,8.047110841489449
13688,16.0,8.0,8.108080528321777
13689,13.0,9.0,8.684971020838514
13690,13.0,10.0,9.252759004492455
13691,13.0,11.0,10.194007518694093
13692,11.0,11.0,10.488633945523077
13693,13.0,9.0,8.102474250184198
13694,7.0,8.0,7.0664172383994215
13695,12.0,8.0,7.012146401650603
13696,9.0,10.0,8.518505846458906
13697,11.0,9.0,7.448081351405418
13698,14.0,9.0,6.982183378534231
13699,12.0,10.0,8.009884928752424
13700,13.0,10.0,9.069656429903041
13701,14.0,8.0,8.136697722631398
13702,25.0,10.0,9.399717214152664
13703,12.0,13.0,12.89225021425005
13704,9.0,13.0,13.32769523231202
13705,12.0,15.0,15.421356447366046
13706,15.0,16.0,16.68275310412457
13707,4.0,14.0,14.946335682078853
13708,23.0,14.0,14.764210787693207
13709,17.0,13.0,14.051257457406802
13710,10.0,11.0,12.317974022227462
13711,12.0,11.0,12.133971289751972
13712,5.0,9.0,10.527634936253568
13713,14.0,8.0,8.994855407589805
13714,24.0,8.0,8.961366096945824
13715,11.0,7.0,7.851545135734474
13716,8.0,4.0,4.42199103420106
13717,14.0,4.0,4.448496024991311
13718,15.0,4.0,4.451589943464728
13719,12.0,4.0,4.35670224239902
13720,16.0,4.0,4.394150699569872
13721,11.0,4.0,4.394925781674531
13722,6.0,4.0,4.261364427621353
13723,12.0,3.0,2.922176099886164
13724,8.0,3.0,2.9674893080265505
13725,10.0,3.0,2.737044674861891
13726,15.0,3.0,2.7120299162794104
13727,13.0,3.0,2.7531967033027684
13728,11.0,3.0,2.75966087930128
13729,10.0,2.0,1.7377340775373629
13730,13.0,2.0,1.625420132692641
13731,18.0,3.0,2.008916812271046
13732,12.0,3.0,1.8629753978013917
13733,11.0,2.0,1.0324460084583482
13734,12.0,2.0,1.0228552878158252
13735,15.0,1.0,0.37580525608494114
13736,10.0,1.0,0.3278142665172934
13737,16.0,2.0,1.6582218223884713
13738,13.0,2.0,1.7007693977907743
13739,17.0,2.0,1.733998625176727
13740,13.0,2.0,1.6928701348118285
13741,12.0,1.0,1.4240077575009331
13742,9.0,1.0,1.4099425715589462
13743,13.0,1.0,1.422649414199884
13744,6.0,1.0,1.4204735113966271
13745,13.0,1.0,1.4035881624736586
13746,8.0,1.0,1.4078418193324287
13747,7.0,0.0,0.0
13748,20.0,0.0,0.0
13749,10.0,0.0,0.0
13750,14.0,0.0,0.0
13751,14.0,0.0,0.0
13752,10.0,0.0,0.0
13753,18.0,1.0,0.30219754697413514
13754,10.0,2.0,1.499630096313338
13755,13.0,2.0,1.5371220024374461
13756,13.0,2.0,1.524781819810844
13757,8.0,2.0,1.517608822869064
13758,5.0,2.0,1.487599581539252
13759,11.0,2.0,1.5016879090966453
13760,8.0,2.0,1.4942453924522017
13761,13.0,2.0,1.2757825835917167
13762,9.0,2.0,1.2418350428389584
13763,9.0,1.0,0.7619105942960582
13764,13.0,0.0,0.0
13765,11.0,0.0,0.0
13766,9.0,0.0,0.0
13767,14.0,0.0,0.0
13768,19.0,0.0,0.0
13769,8.0,0.0,0.0
13770,13.0,0.0,0.0
13771,9.0,0.0,0.0
13772,9.0,0.0,0.0
13773,12.0,0.0,0.0
13774,13.0,0.0,0.0
13775,12.0,0.0,0.0
13776,8.0,0.0,0.0
13777,10.0,0.0,0.0
13778,15.0,0.0,0.0
13779,12.0,0.0,0.0
13780,15.0,0.0,0.0
13781,12.0,0.0,0.0
13782,18.0,0.0,0.0
13783,12.0,0.0,0.0
13784,14.0,0.0,0.0
13785,14.0,0.0,0.0
13786,14.0,0.0,0.0
13787,12.0,0.0,0.0
13788,13.0,0.0,0.0
13789,10.0,0.0,0.0
13790,7.0,0.0,0.0
13791,11.0,0.0,0.0
13792,16.0,0.0,0.0
13793,11.0,0.0,0.0
13794,6.0,0.0,0.0
13795,13.0,0.0,0.0
13796,12.0,1.0,0.6464955696927002
13797,15.0,1.0,0.6409650801652028
13798,7.0,1.0,0.027559651795776366
13799,15.0,1.0,0.30372652366654773
13800,14.0,1.0,0.4422454768515263
13801,14.0,1.0,0.6081996269366539
13802,10.0,1.0,0.02576588432236287
13803,7.0,1.0,0.6320051092067323
13804,12.0,1.0,0.4171938014857447
13805,15.0,1.0,0.6411588466559864
13806,13.0,0.0,0.0
13807,11.0,0.0,0.0
13808,10.0,0.0,0.0
13809,14.0,0.0,0.0
13810,17.0,0.0,0.0
13811,6.0,0.0,0.0
13812,19.0,0.0,0.0
13813,9.0,0.0,0.0
13814,12.0,0.0,0.0
13815,15.0,0.0,0.0
13816,7.0,0.0,0.0
13817,14.0,0.0,0.0
13818,13.0,1.0,0.6451484115132016
13819,5.0,1.0,0.62610941505607
13820,11.0,1.0,0.618627661212835
13821,9.0,1.0,0.633243927448581
13822,12.0,1.0,0.6387622817469425
13823,19.0,1.0,0.6458608529011319
13824,13.0,2.0,1.0051888720437283
13825,13.0,2.0,1.301372496723078
13826,16.0,2.0,1.3277061306019315
13827,9.0,2.0,1.4739364587110755
13828,11.0,1.0,0.8383993833785677
13829,12.0,1.0,1.0989190670911575
13830,11.0,1.0,1.1606934152284505
13831,13.0,2.0,1.8726809226926593
13832,8.0,4.0,2.921531241111133
13833,13.0,4.0,2.9688625954081505
13834,15.0,4.0,2.359440708434968
13835,16.0,4.0,2.1904849363081405
13836,10.0,4.0,2.434301968149413
13837,16.0,4.0,2.3999617533015565
13838,10.0,4.0,2.43017121946667
13839,10.0,4.0,2.3262373452485337
13840,7.0,4.0,1.8081475739155803
13841,11.0,3.0,0.8809953245103384
13842,14.0,1.0,0.23181463193212515
13843,5.0,1.0,0.16790849259386406
13844,19.0,0.0,0.0
13845,7.0,0.0,0.0
13846,13.0,0.0,0.0
13847,11.0,0.0,0.0
13848,14.0,1.0,1.0003692844413594
13849,14.0,1.0,1.0261740412551585
13850,10.0,1.0,1.0434966262949095
13851,11.0,1.0,1.0553671863107001
13852,7.0,1.0,1.0586204512545043
13853,11.0,1.0,1.0626408016334972
13854,11.0,1.0,1.0406693655121126
13855,12.0,1.0,1.0422993050559377
13856,15.0,1.0,1.0430508625943062
13857,6.0,1.0,1.0160892899968175
13858,8.0,0.0,0.0
13859,13.0,0.0,0.0
13860,9.0,0.0,0.0
13861,11.0,0.0,0.0
13862,14.0,0.0,0.0
13863,11.0,0.0,0.0
13864,10.0,0.0,0.0
13865,11.0,0.0,0.0
13866,11.0,0.0,0.0
13867,10.0,1.0,0.29213751920153663
13868,14.0,1.0,0.285197169967142
13869,20.0,1.0,0.2811497503411394
13870,7.0,1.0,0.2866530289033329
13871,8.0,1.0,0.30966791778588915
13872,9.0,1.0,0.3115441733656688
13873,8.0,1.0,0.3101843714975668
13874,7.0,1.0,0.3086707881037641
13875,13.0,1.0,0.3006257746427239
13876,11.0,1.0,0.2844413770918771
13877,13.0,0.0,0.0
13878,10.0,0.0,0.0
13879,8.0,0.0,0.0
13880,11.0,0.0,0.0
13881,13.0,0.0,0.0
13882,12.0,0.0,0.0
13883,16.0,0.0,0.0
13884,11.0,0.0,0.0
13885,10.0,0.0,0.0
13886,13.0,0.0,0.0
13887,10.0,0.0,0.0
13888,13.0,0.0,0.0
13889,5.0,0.0,0.0
13890,6.0,0.0,0.0
13891,10.0,0.0,0.0
13892,14.0,0.0,0.0
13893,9.0,0.0,0.0
13894,11.0,0.0,0.0
13895,17.0,0.0,0.0
13896,17.0,0.0,0.0
13897,15.0,0.0,0.0
13898,11.0,0.0,0.0
13899,15.0,0.0,0.0
13900,10.0,0.0,0.0
13901,10.0,0.0,0.0
13902,6.0,0.0,0.0
13903,13.0,0.0,0.0
13904,12.0,0.0,0.0
13905,8.0,0.0,0.0
13906,10.0,0.0,0.0
13907,12.0,0.0,0.0
13908,6.0,0.0,0.0
13909,11.0,0.0,0.0
13910,10.0,0.0,0.0
13911,11.0,0.0,0.0
13912,9.0,0.0,0.0
13913,14.0,0.0,0.0
13914,16.0,0.0,0.0
13915,15.0,0.0,0.0
13916,16.0,0.0,0.0
13917,7.0,0.0,0.0
13918,12.0,0.0,0.0
13919,13.0,0.0,0.0
13920,11.0,0.0,0.0
13921,12.0,0.0,0.0
13922,10.0,0.0,0.0
13923,8.0,0.0,0.0
13924,6.0,0.0,0.0
13925,14.0,0.0,0.0
13926,17.0,0.0,0.0
13927,10.0,0.0,0.0
13928,8.0,0.0,0.0
13929,7.0,0.0,0.0
13930,18.0,0.0,0.0
13931,10.0,0.0,0.0
13932,9.0,0.0,0.0
13933,12.0,0.0,0.0
13934,9.0,0.0,0.0
13935,8.0,0.0,0.0
13936,9.0,1.0,0.4353162551588236
13937,16.0,1.0,0.828464907340669
13938,9.0,1.0,0.8508291832085516
13939,14.0,1.0,0.7581208478095461
13940,15.0,1.0,0.45485547507115665
13941,17.0,2.0,0.8853252248873265
13942,11.0,2.0,0.551820197041158
13943,12.0,2.0,0.7098688758207496
13944,18.0,2.0,0.9586488046186596
13945,6.0,2.0,0.9962375966232477
13946,11.0,1.0,0.7351651195405685
13947,6.0,1.0,0.5805485450984424
13948,13.0,1.0,0.6501672981669742
13949,13.0,1.0,0.4875380348459861
13950,13.0,1.0,0.5188238449117376
13951,10.0,0.0,0.0
13952,12.0,0.0,0.0
13953,11.0,0.0,0.0
13954,7.0,0.0,0.0
13955,10.0,0.0,0.0
13956,14.0,0.0,0.0
13957,13.0,0.0,0.0
13958,14.0,0.0,0.0
13959,13.0,0.0,0.0
13960,10.0,0.0,0.0
13961,11.0,0.0,0.0
13962,11.0,0.0,0.0
13963,13.0,0.0,0.0
13964,12.0,0.0,0.0
13965,14.0,0.0,0.0
13966,10.0,1.0,0.6888344096055194
13967,14.0,1.0,0.7036640100910769
13968,14.0,1.0,0.72293357164088
13969,9.0,2.0,1.0911544595304803
13970,13.0,2.0,1.0850650299916773
13971,9.0,2.0,1.0452054051436461
13972,13.0,3.0,1.4684953926659259
13973,16.0,3.0,1.4915697781272272
13974,16.0,3.0,1.3860880059815857
13975,17.0,3.0,1.2540627452134774
13976,11.0,2.0,0.8169131794585137
13977,12.0,2.0,0.8054974680742076
13978,12.0,2.0,0.6787834451744941
13979,14.0,1.0,0.3132610772743828
13980,12.0,1.0,0.3624274889369489
13981,11.0,3.0,1.1111406891157172
13982,11.0,3.0,1.5006850696582181
13983,15.0,3.0,1.5527722542293503
13984,13.0,3.0,1.656801998308648
13985,10.0,3.0,1.8912465454777831
13986,15.0,3.0,2.0256954449978384
13987,16.0,3.0,1.4915594685944151
13988,14.0,3.0,1.6722943694524086
13989,11.0,4.0,2.563875307223779
13990,10.0,4.0,2.288451538772664
13991,11.0,2.0,1.368451793568488
13992,14.0,1.0,0.6344111427914696
13993,15.0,1.0,0.8055182996740387
13994,14.0,1.0,0.6535962580610675
13995,5.0,1.0,0.7729943852222656
13996,16.0,1.0,0.45943400883907565
13997,18.0,1.0,0.4479571972619881
13998,14.0,1.0,0.00568370794074459
13999,15.0,0.0,0.0
14000,11.0,0.0,0.0
14001,15.0,0.0,0.0
14002,14.0,0.0,0.0
14003,12.0,0.0,0.0
14004,15.0,0.0,0.0
14005,14.0,0.0,0.0
14006,15.0,0.0,0.0
14007,12.0,1.0,1.096065001447449
14008,13.0,1.0,1.1919139169392339
14009,16.0,1.0,1.1678725985386564
14010,14.0,1.0,1.1661071437955424
14011,20.0,2.0,1.5130366612341413
14012,15.0,2.0,1.567308951793434
14013,14.0,2.0,1.5441436349345943
14014,13.0,2.0,1.4928934220159367
14015,9.0,2.0,1.5031763601481014
14016,9.0,3.0,2.508344859644535
14017,7.0,2.0,1.3657389165278404
14018,12.0,2.0,1.4660718053405082
14019,14.0,2.0,1.4594398890105431
14020,15.0,2.0,1.5000935520302026
14021,14.0,1.0,1.2291663929438947
14022,6.0,1.0,1.1618965636837941
14023,13.0,2.0,1.8185679919270723
14024,10.0,2.0,1.816949488217688
14025,14.0,2.0,1.854945410508675
14026,17.0,1.0,0.6492379929750647
14027,15.0,1.0,0.6457793065901815
14028,13.0,1.0,0.6487365158858599
14029,11.0,1.0,0.6486672192359855
14030,8.0,1.0,0.6491698705858046
14031,7.0,1.0,0.6493875930367694
14032,14.0,1.0,0.6484792230912898
14033,18.0,0.0,0.0
14034,11.0,0.0,0.0
14035,6.0,0.0,0.0
14036,16.0,0.0,0.0
14037,10.0,0.0,0.0
14038,12.0,0.0,0.0
14039,9.0,0.0,0.0
14040,9.0,0.0,0.0
14041,9.0,0.0,0.0
14042,10.0,0.0,0.0
14043,16.0,0.0,0.0
14044,10.0,0.0,0.0
14045,9.0,0.0,0.0
14046,6.0,0.0,0.0
14047,15.0,0.0,0.0
14048,10.0,0.0,0.0
14049,8.0,0.0,0.0
14050,20.0,0.0,0.0
14051,17.0,0.0,0.0
14052,11.0,0.0,0.0
14053,6.0,0.0,0.0
14054,11.0,0.0,0.0
14055,13.0,1.0,0.6027507848395215
14056,10.0,1.0,0.6028062144173296
14057,10.0,1.0,0.6031290676901516
14058,10.0,2.0,0.9373531848060427
14059,10.0,2.0,0.9378788014278985
14060,22.0,2.0,0.9401044617182008
14061,16.0,2.0,0.9416806088582983
14062,12.0,2.0,0.9423022777710395
14063,9.0,2.0,0.9416837555893562
14064,12.0,2.0,0.9412291039954568
14065,13.0,1.0,0.33804689534472254
14066,5.0,1.0,0.3376530071951302
14067,8.0,1.0,0.33498678460422
14068,14.0,0.0,0.0
14069,12.0,0.0,0.0
14070,8.0,0.0,0.0
14071,8.0,0.0,0.0
14072,16.0,0.0,0.0
14073,7.0,0.0,0.0
14074,13.0,0.0,0.0
14075,13.0,0.0,0.0
14076,17.0,0.0,0.0
14077,16.0,0.0,0.0
14078,17.0,0.0,0.0
14079,9.0,0.0,0.0
14080,12.0,0.0,0.0
14081,13.0,0.0,0.0
14082,12.0,0.0,0.0
14083,21.0,0.0,0.0
14084,9.0,1.0,0.41050785172885634
14085,12.0,1.0,0.4376505032654499
14086,12.0,1.0,0.45847617131663565
14087,14.0,1.0,0.46870419590310086
14088,18.0,1.0,0.47273811407874167
14089,11.0,1.0,0.4678681105787227
14090,14.0,1.0,0.46499409985715573
14091,11.0,2.0,1.1345697631430607
14092,12.0,2.0,1.1618680083493873
14093,18.0,3.0,1.625794310215801
14094,9.0,2.0,1.4825387970803208
14095,13.0,2.0,1.3859980317602314
14096,17.0,2.0,1.6277525713857772
14097,10.0,2.0,1.4895066928889262
14098,7.0,2.0,1.406959125404537
14099,12.0,2.0,1.135061455877726
14100,13.0,2.0,1.131233561098554
14101,8.0,1.0,0.6696592534706992
14102,11.0,1.0,0.384950627359794
14103,10.0,0.0,0.0
14104,15.0,0.0,0.0
14105,14.0,0.0,0.0
14106,15.0,0.0,0.0
14107,15.0,0.0,0.0
14108,11.0,0.0,0.0
14109,13.0,0.0,0.0
14110,8.0,0.0,0.0
14111,11.0,0.0,0.0
14112,16.0,0.0,0.0
14113,13.0,0.0,0.0
14114,13.0,0.0,0.0
14115,15.0,0.0,0.0
14116,13.0,0.0,0.0
14117,10.0,0.0,0.0
14118,15.0,0.0,0.0
14119,7.0,0.0,0.0
14120,18.0,0.0,0.0
14121,4.0,0.0,0.0
14122,13.0,0.0,0.0
14123,10.0,0.0,0.0
14124,16.0,0.0,0.0
14125,11.0,0.0,0.0
14126,7.0,0.0,0.0
14127,17.0,0.0,0.0
14128,7.0,0.0,0.0
14129,13.0,0.0,0.0
14130,13.0,0.0,0.0
14131,12.0,0.0,0.0
14132,11.0,0.0,0.0
14133,15.0,0.0,0.0
14134,9.0,0.0,0.0
14135,16.0,1.0,0.6118256832339344
14136,12.0,1.0,0.7332751038014134
14137,12.0,1.0,1.063543334535247
14138,5.0,2.0,1.6838883456200966
14139,15.0,3.0,1.598761888388858
14140,13.0,3.0,2.2965626071462237
14141,14.0,4.0,2.5755804049792848
14142,12.0,4.0,2.6036470208422644
14143,12.0,4.0,2.6201154592407034
14144,18.0,4.0,2.1526588734951715
14145,16.0,4.0,2.660547832433341
14146,12.0,4.0,2.6998262773266335
14147,13.0,4.0,2.381226798471488
14148,10.0,3.0,1.8328986599702068
14149,16.0,2.0,1.379448027948968
14150,9.0,2.0,1.4498141026279099
14151,14.0,1.0,1.1287172970196735
14152,10.0,1.0,0.7315156800431201
14153,5.0,1.0,0.8800724728686586
14154,16.0,1.0,0.4999101869000667
14155,8.0,0.0,0.0
14156,7.0,0.0,0.0
14157,23.0,0.0,0.0
14158,13.0,0.0,0.0
14159,15.0,0.0,0.0
14160,13.0,0.0,0.0
14161,12.0,0.0,0.0
14162,12.0,0.0,0.0
14163,9.0,0.0,0.0
14164,9.0,0.0,0.0
14165,11.0,0.0,0.0
14166,7.0,0.0,0.0
14167,10.0,0.0,0.0
14168,8.0,0.0,0.0
14169,14.0,0.0,0.0
14170,12.0,0.0,0.0
14171,12.0,0.0,0.0
14172,16.0,0.0,0.0
14173,16.0,0.0,0.0
14174,18.0,0.0,0.0
14175,8.0,0.0,0.0
14176,13.0,0.0,0.0
14177,14.0,0.0,0.0
14178,9.0,2.0,0.8137585117796701
14179,13.0,2.0,0.8430560184667367
14180,18.0,3.0,1.3784307893735637
14181,15.0,3.0,1.4139999758099644
14182,9.0,3.0,1.3888459214275044
14183,11.0,3.0,1.3938662046118984
14184,10.0,3.0,1.370579208290911
14185,10.0,3.0,1.330437670199472
14186,13.0,3.0,1.3100648316001482
14187,11.0,3.0,1.2402224322378417
14188,16.0,1.0,0.4362106962821327
14189,11.0,1.0,0.42925175648229
14190,12.0,1.0,0.7489734288988821
14191,8.0,1.0,0.8762025865307063
14192,14.0,1.0,0.8902656802716202
14193,18.0,1.0,0.8879164496574226
14194,11.0,1.0,0.8482786841514277
14195,8.0,1.0,0.7952360321177502
14196,11.0,1.0,0.8083734435986644
14197,13.0,2.0,1.0086181646603467
14198,9.0,2.0,0.8550636182718443
14199,12.0,3.0,1.1795895426293512
14200,13.0,2.0,0.6465999908184296
14201,10.0,2.0,0.5954876378112174
14202,13.0,2.0,0.8348836066822114
14203,21.0,2.0,0.8591947050608839
14204,16.0,2.0,0.8504221126315974
14205,12.0,2.0,0.8549444092807267
14206,14.0,2.0,0.823094227811182
14207,11.0,1.0,0.6264986229757918
14208,4.0,1.0,0.6274903829102947
14209,12.0,0.0,0.0
14210,6.0,0.0,0.0
14211,8.0,0.0,0.0
14212,12.0,0.0,0.0
14213,14.0,0.0,0.0
14214,12.0,0.0,0.0
14215,8.0,0.0,0.0
14216,18.0,0.0,0.0
14217,7.0,0.0,0.0
14218,7.0,0.0,0.0
14219,9.0,0.0,0.0
14220,12.0,0.0,0.0
14221,11.0,1.0,0.30164808464932363
14222,8.0,2.0,0.6455068342665388
14223,9.0,2.0,0.9937424646525457
14224,10.0,2.0,0.7915561614400842
14225,14.0,2.0,1.1267955451839136
14226,10.0,2.0,1.2188010560227922
14227,14.0,2.0,1.1686825668750778
14228,18.0,2.0,1.103327683582551
14229,6.0,2.0,1.0758548552403313
14230,12.0,2.0,0.9993572173096028
14231,8.0,1.0,0.42389707553852124
14232,7.0,0.0,0.0
14233,16.0,0.0,0.0
14234,12.0,0.0,0.0
14235,15.0,0.0,0.0
14236,18.0,0.0,0.0
14237,15.0,0.0,0.0
14238,15.0,0.0,0.0
14239,19.0,0.0,0.0
14240,13.0,0.0,0.0
14241,12.0,0.0,0.0
14242,15.0,1.0,0.1808403283859564
14243,15.0,1.0,0.17725041526384508
14244,13.0,1.0,0.16237715678074774
14245,10.0,1.0,0.1938205180056787
14246,15.0,1.0,0.17017573874411665
14247,14.0,1.0,0.19333228771366506
14248,13.0,1.0,0.17630401650120361
14249,14.0,1.0,0.17802366872612652
14250,12.0,1.0,0.12493627396515122
14251,12.0,1.0,0.153306801527932
14252,10.0,0.0,0.0
14253,8.0,0.0,0.0
14254,13.0,0.0,0.0
14255,12.0,0.0,0.0
14256,11.0,0.0,0.0
14257,15.0,1.0,0.5477962521506393
14258,7.0,1.0,0.5454488189044641
14259,12.0,1.0,0.5547474725901237
14260,12.0,1.0,0.5292451113340609
14261,16.0,1.0,0.5256515665267341
14262,16.0,1.0,0.5756035473040967
14263,14.0,2.0,1.0591927142435367
14264,14.0,2.0,1.057742592173729
14265,7.0,2.0,0.9433410189852136
14266,9.0,2.0,0.800902904307097
14267,14.0,1.0,0.6484852235731154
14268,10.0,1.0,0.6338209130300809
14269,16.0,1.0,0.5906337958662141
14270,14.0,1.0,0.548819467122351
14271,13.0,1.0,0.41309880752169736
14272,10.0,1.0,0.5241459978815869
14273,10.0,0.0,0.0
14274,8.0,1.0,0.2811657261032029
14275,8.0,1.0,0.30262294766447334
14276,10.0,1.0,0.30671830348803036
14277,11.0,1.0,0.3081436699934617
14278,13.0,1.0,0.3117989523371144
14279,8.0,1.0,0.31132931151312065
14280,6.0,1.0,0.3112269798799395
14281,14.0,1.0,0.31008471035759905
14282,12.0,1.0,0.3038047106017117
14283,10.0,1.0,0.29163128040038966
14284,16.0,0.0,0.0
14285,16.0,0.0,0.0
14286,10.0,0.0,0.0
14287,11.0,0.0,0.0
14288,22.0,0.0,0.0
14289,8.0,0.0,0.0
14290,12.0,0.0,0.0
14291,8.0,0.0,0.0
14292,12.0,1.0,0.3208001409779285
14293,14.0,1.0,0.36577162388702333
14294,16.0,1.0,0.41898072451608964
14295,12.0,1.0,0.4490303222297052
14296,7.0,1.0,0.45421779828212944
14297,11.0,1.0,0.45428991304092375
14298,13.0,1.0,0.44578083181729894
14299,11.0,2.0,1.0980823700937377
14300,8.0,2.0,1.1322396138047486
14301,8.0,2.0,1.1558580027561292
14302,16.0,1.0,0.7465684467829014
14303,5.0,1.0,0.754416274971742
14304,12.0,1.0,0.7593054978814494
14305,11.0,1.0,0.7532373074830111
14306,12.0,1.0,0.7356160662308551
14307,13.0,1.0,0.6862637974974245
14308,7.0,1.0,0.647054495076844
14309,7.0,2.0,1.319828349733764
14310,11.0,2.0,1.507946034370799
14311,12.0,2.0,1.5735559530921774
14312,12.0,2.0,1.5637303053863467
14313,13.0,2.0,1.554616129616048
14314,21.0,2.0,1.5541498405853418
14315,5.0,2.0,1.5823268782155244
14316,16.0,2.0,1.5792370752139144
14317,17.0,2.0,1.4968314043447324
14318,16.0,2.0,1.4332828233189985
14319,16.0,0.0,0.0
14320,5.0,0.0,0.0
14321,12.0,0.0,0.0
14322,14.0,1.0,0.6439033794604446
14323,8.0,1.0,0.6751415006759653
14324,13.0,1.0,0.7105694791602168
14325,17.0,2.0,1.000182328752521
14326,14.0,2.0,1.0328706884588037
14327,17.0,2.0,1.054691717667035
14328,15.0,2.0,1.0267169814738069
14329,15.0,2.0,0.998139603819637
14330,12.0,2.0,0.9485740597728964
14331,10.0,2.0,0.9185209305933946
14332,7.0,1.0,0.28722009845669516
14333,12.0,1.0,0.28065998089690286
14334,11.0,1.0,0.25757847593791744
14335,5.0,0.0,0.0
14336,9.0,0.0,0.0
14337,10.0,0.0,0.0
14338,9.0,0.0,0.0
14339,8.0,0.0,0.0
14340,15.0,2.0,1.4288579582062533
14341,8.0,2.0,1.5392270206011678
14342,2.0,2.0,1.5688977241267001
14343,9.0,2.0,1.6254406666816563
14344,16.0,2.0,1.5466026517577598
14345,19.0,2.0,1.4675208817134484
14346,17.0,2.0,1.601807540168881
14347,7.0,2.0,1.5620461445543918
14348,10.0,2.0,1.5687542609385399
14349,12.0,2.0,1.2437475252185026
14350,10.0,0.0,0.0
14351,11.0,1.0,0.5025821240430364
14352,14.0,1.0,0.668509297304245
14353,9.0,1.0,0.7734445379100853
14354,11.0,2.0,1.031595556532174
14355,16.0,2.0,1.0509720286235322
14356,10.0,2.0,1.0687154041161735
14357,15.0,2.0,1.0513019351479864
14358,14.0,2.0,1.0338217434962993
14359,9.0,2.0,1.0459722809156182
14360,7.0,2.0,0.987311672411942
14361,12.0,1.0,0.2833095838952588
14362,14.0,1.0,0.2660690157184292
14363,17.0,1.0,0.2623497347267
14364,11.0,0.0,0.0
14365,13.0,0.0,0.0
14366,5.0,0.0,0.0
14367,16.0,0.0,0.0
14368,10.0,0.0,0.0
14369,16.0,0.0,0.0
14370,11.0,0.0,0.0
14371,11.0,0.0,0.0
14372,13.0,0.0,0.0
14373,19.0,0.0,0.0
14374,7.0,0.0,0.0
14375,14.0,0.0,0.0
14376,9.0,0.0,0.0
14377,7.0,0.0,0.0
14378,5.0,0.0,0.0
14379,13.0,0.0,0.0
14380,15.0,0.0,0.0
14381,16.0,0.0,0.0
14382,7.0,0.0,0.0
14383,17.0,0.0,0.0
14384,11.0,0.0,0.0
14385,17.0,2.0,1.1911848427215221
14386,8.0,2.0,1.2246503248853347
14387,11.0,2.0,1.2501941177874594
14388,7.0,2.0,1.2632134568478672
14389,12.0,2.0,1.2760672932052195
14390,9.0,2.0,1.2834779241445087
14391,11.0,2.0,1.275271761511872
14392,9.0,3.0,1.748908815623269
14393,15.0,3.0,1.7191028066313474
14394,7.0,3.0,1.6633019581038246
14395,17.0,1.0,0.5595727188667857
14396,8.0,1.0,0.5661925870722274
14397,14.0,1.0,0.5676728210027372
14398,14.0,1.0,0.5606585841933722
14399,13.0,2.0,1.1854684495771277
14400,20.0,2.0,1.1618478582114424
14401,14.0,2.0,1.1201663614985313
14402,13.0,1.0,0.6352229815951159
14403,11.0,1.0,0.6473702351629772
14404,19.0,1.0,0.6419196176613453
14405,18.0,3.0,1.207988303563706
14406,11.0,3.0,1.2364487190253715
14407,14.0,5.0,2.376444426830817
14408,4.0,5.0,2.4912895253263976
14409,11.0,4.0,1.9308899148556782
14410,17.0,4.0,1.9661227668343089
14411,14.0,4.0,1.9706592458328427
14412,12.0,5.0,2.2793017193897978
14413,11.0,5.0,2.2487585722375254
14414,10.0,5.0,2.2062648613819897
14415,11.0,3.0,1.603160967741212
14416,12.0,3.0,1.533626779913395
14417,10.0,1.0,0.3471597458455259
14418,9.0,1.0,0.3449726146163037
14419,7.0,1.0,0.3397121368358961
14420,16.0,1.0,0.33287485785395077
14421,14.0,1.0,0.32560058218007004
14422,12.0,0.0,0.0
14423,14.0,0.0,0.0
14424,4.0,1.0,0.5387383591580522
14425,10.0,1.0,0.6314902645895841
14426,20.0,1.0,0.7297867801090167
14427,5.0,2.0,1.635986178844906
14428,9.0,2.0,1.6726925810302613
14429,8.0,2.0,1.7174046716219822
14430,15.0,2.0,1.7239350449163917
14431,18.0,2.0,1.7051652361411331
14432,21.0,2.0,1.6673753911998141
14433,16.0,2.0,1.6071137149127177
14434,13.0,1.0,0.9213162291336264
14435,20.0,1.0,0.8937888939996572
14436,14.0,1.0,0.8640255761316143
14437,14.0,0.0,0.0
14438,11.0,0.0,0.0
14439,9.0,0.0,0.0
14440,11.0,0.0,0.0
14441,9.0,0.0,0.0
14442,16.0,0.0,0.0
14443,16.0,0.0,0.0
14444,6.0,0.0,0.0
14445,12.0,0.0,0.0
14446,10.0,0.0,0.0
14447,12.0,0.0,0.0
14448,7.0,0.0,0.0
14449,14.0,1.0,0.9890467299611223
14450,12.0,1.0,0.9868024830662282
14451,13.0,1.0,0.977742969668376
14452,11.0,1.0,0.9878260650650876
14453,14.0,1.0,0.9817689584377302
14454,15.0,1.0,0.9820773943349512
14455,12.0,1.0,0.9873172890901784
14456,10.0,1.0,0.9854051165246304
14457,13.0,1.0,0.984076322323563
14458,15.0,1.0,0.9865214504261253
14459,15.0,0.0,0.0
14460,8.0,0.0,0.0
14461,9.0,0.0,0.0
14462,8.0,0.0,0.0
14463,12.0,0.0,0.0
14464,8.0,0.0,0.0
14465,10.0,1.0,0.6158552169690904
14466,10.0,1.0,0.6290002080957157
14467,8.0,1.0,0.6224599862299228
14468,13.0,1.0,0.6288635140784288
14469,12.0,1.0,0.5977423052097552
14470,10.0,1.0,0.626076867151538
14471,10.0,1.0,0.6077293237201798
14472,11.0,1.0,0.6343075659748149
14473,13.0,1.0,0.5818523546427778
14474,11.0,1.0,0.544086546910357
14475,20.0,0.0,0.0
14476,10.0,0.0,0.0
14477,15.0,0.0,0.0
14478,11.0,0.0,0.0
14479,16.0,0.0,0.0
14480,11.0,0.0,0.0
14481,8.0,0.0,0.0
14482,8.0,0.0,0.0
14483,13.0,0.0,0.0
14484,17.0,0.0,0.0
14485,10.0,0.0,0.0
14486,9.0,0.0,0.0
14487,12.0,0.0,0.0
14488,8.0,0.0,0.0
14489,12.0,0.0,0.0
14490,15.0,0.0,0.0
14491,15.0,1.0,0.36574586933206504
14492,12.0,1.0,0.38794919884753704
14493,12.0,1.0,0.4040642341160084
14494,11.0,1.0,0.4239672316341677
14495,14.0,1.0,0.43514067288923625
14496,8.0,1.0,0.42559650470368104
14497,15.0,1.0,0.4249202589944139
14498,15.0,1.0,0.4182918498678474
14499,12.0,1.0,0.3891887059741736
14500,16.0,1.0,0.354305114231243
14501,18.0,0.0,0.0
14502,11.0,0.0,0.0
14503,6.0,0.0,0.0
14504,15.0,0.0,0.0
14505,12.0,0.0,0.0
14506,11.0,0.0,0.0
14507,14.0,0.0,0.0
14508,14.0,0.0,0.0
14509,14.0,0.0,0.0
14510,9.0,0.0,0.0
14511,12.0,0.0,0.0
14512,11.0,0.0,0.0
14513,15.0,0.0,0.0
14514,16.0,0.0,0.0
14515,7.0,0.0,0.0
14516,12.0,0.0,0.0
14517,12.0,0.0,0.0
14518,9.0,0.0,0.0
14519,7.0,1.0,0.9807942850070931
14520,10.0,1.0,0.9769662106693017
14521,12.0,1.0,0.9834008726146144
14522,12.0,1.0,0.9884867791089835
14523,18.0,1.0,0.9794480595165957
14524,14.0,1.0,0.9819061450022482
14525,9.0,1.0,0.9896107310882635
14526,11.0,1.0,0.9689891229203861
14527,16.0,1.0,0.9598682209867913
14528,11.0,1.0,0.9792418751273594
14529,10.0,0.0,0.0
14530,16.0,0.0,0.0
14531,13.0,0.0,0.0
14532,6.0,0.0,0.0
14533,11.0,0.0,0.0
14534,7.0,1.0,0.5606428518203131
14535,13.0,1.0,0.5794617962581022
14536,14.0,1.0,0.5601974029773196
14537,15.0,1.0,0.5809461922870042
14538,11.0,1.0,0.560878417423582
14539,17.0,3.0,1.6721741912107229
14540,6.0,3.0,1.1834158533638492
14541,13.0,3.0,1.792017983580576
14542,14.0,3.0,1.896759272855506
14543,12.0,3.0,1.8117757375501293
14544,10.0,2.0,1.2119182335898322
14545,7.0,2.0,1.5020012060555297
14546,6.0,2.0,0.9911290806236308
14547,12.0,2.0,0.9315791401688921
14548,13.0,2.0,0.591866952122931
14549,10.0,0.0,0.0
14550,14.0,0.0,0.0
14551,6.0,0.0,0.0
14552,10.0,0.0,0.0
14553,10.0,0.0,0.0
14554,17.0,0.0,0.0
14555,8.0,1.0,0.3904386137428131
14556,11.0,1.0,0.3969809007635695
14557,12.0,1.0,0.4026079611030953
14558,7.0,1.0,0.4034555873773561
14559,14.0,1.0,0.40280471833275205
14560,10.0,1.0,0.40319726374976095
14561,12.0,1.0,0.4034760181573285
14562,9.0,1.0,0.40316084707040656
14563,12.0,1.0,0.40290083862737236
14564,10.0,1.0,0.40186132974480826
14565,12.0,0.0,0.0
14566,13.0,0.0,0.0
14567,13.0,0.0,0.0
14568,8.0,0.0,0.0
14569,13.0,0.0,0.0
14570,17.0,0.0,0.0
14571,18.0,0.0,0.0
14572,11.0,1.0,0.612781041137369
14573,13.0,1.0,0.6278820767317806
14574,10.0,1.0,0.6165948808273863
14575,10.0,1.0,0.627700185558602
14576,14.0,1.0,0.6083555393010341
14577,13.0,1.0,0.6046321848110722
14578,7.0,1.0,0.6284268197654741
14579,12.0,1.0,0.6162841829418437
14580,11.0,1.0,0.6090033368780053
14581,12.0,1.0,0.6282327885097484
14582,9.0,0.0,0.0
14583,13.0,0.0,0.0
14584,16.0,0.0,0.0
14585,12.0,0.0,0.0
14586,14.0,0.0,0.0
14587,14.0,0.0,0.0
14588,9.0,0.0,0.0
14589,12.0,0.0,0.0
14590,17.0,0.0,0.0
14591,14.0,1.0,0.268843827054308
14592,11.0,2.0,0.5859006695375828
14593,16.0,2.0,0.5423995232898631
14594,9.0,2.0,0.5653221928239079
14595,12.0,2.0,0.613615421495129
14596,13.0,2.0,0.5314880821718542
14597,13.0,2.0,0.39614244722561304
14598,15.0,2.0,0.6074264195000034
14599,20.0,2.0,0.6815369926370272
14600,11.0,2.0,0.6219618428308225
14601,16.0,1.0,0.2329089514517292
14602,9.0,0.0,0.0
14603,16.0,0.0,0.0
14604,13.0,1.0,0.31123185582264273
14605,11.0,1.0,0.28475151670558785
14606,13.0,2.0,1.001245987752845
14607,10.0,2.0,1.0187168784042944
14608,11.0,2.0,0.956240592237344
14609,11.0,2.0,0.8662116169331924
14610,11.0,2.0,0.9747461682774545
14611,5.0,2.0,0.9653356145210266
14612,6.0,2.0,0.8701790606843567
14613,17.0,2.0,0.5274730203789312
14614,13.0,1.0,0.33958552887417565
14615,14.0,1.0,0.5039698552108263
14616,18.0,0.0,0.0
14617,17.0,0.0,0.0
14618,13.0,0.0,0.0
14619,14.0,1.0,0.538008201106434
14620,12.0,1.0,0.5008723248312069
14621,6.0,1.0,0.45893019509185407
14622,12.0,1.0,0.5827067238100248
14623,16.0,1.0,0.6145371816653542
14624,17.0,2.0,0.8890512609726116
14625,13.0,2.0,0.9404013875071613
14626,7.0,2.0,0.9124218700157772
14627,6.0,2.0,0.9705038217381274
14628,8.0,2.0,0.8202120219100747
14629,12.0,1.0,0.39560642267308993
14630,12.0,1.0,0.3981794186659679
14631,10.0,1.0,0.3918919669856833
14632,10.0,1.0,0.40995736462774524
14633,13.0,1.0,0.36886586692078116
14634,13.0,0.0,0.0
14635,12.0,0.0,0.0
14636,8.0,0.0,0.0
14637,16.0,0.0,0.0
14638,11.0,0.0,0.0
14639,11.0,0.0,0.0
14640,16.0,0.0,0.0
14641,8.0,0.0,0.0
14642,19.0,0.0,0.0
14643,11.0,0.0,0.0
14644,9.0,0.0,0.0
14645,12.0,0.0,0.0
14646,10.0,0.0,0.0
14647,17.0,0.0,0.0
14648,19.0,0.0,0.0
14649,10.0,0.0,0.0
14650,6.0,0.0,0.0
14651,12.0,0.0,0.0
14652,12.0,0.0,0.0
14653,16.0,0.0,0.0
14654,10.0,0.0,0.0
14655,9.0,0.0,0.0
14656,8.0,0.0,0.0
14657,12.0,0.0,0.0
14658,13.0,0.0,0.0
14659,10.0,0.0,0.0
14660,7.0,0.0,0.0
14661,10.0,0.0,0.0
14662,8.0,0.0,0.0
14663,14.0,0.0,0.0
14664,10.0,0.0,0.0
14665,9.0,0.0,0.0
14666,7.0,0.0,0.0
14667,15.0,0.0,0.0
14668,14.0,0.0,0.0
14669,11.0,0.0,0.0
14670,13.0,0.0,0.0
14671,17.0,0.0,0.0
14672,9.0,0.0,0.0
14673,11.0,0.0,0.0
14674,13.0,0.0,0.0
14675,9.0,0.0,0.0
14676,18.0,0.0,0.0
14677,18.0,0.0,0.0
14678,13.0,0.0,0.0
14679,8.0,0.0,0.0
14680,13.0,0.0,0.0
14681,11.0,0.0,0.0
14682,17.0,0.0,0.0
14683,9.0,0.0,0.0
14684,18.0,0.0,0.0
14685,14.0,0.0,0.0
14686,14.0,0.0,0.0
14687,18.0,0.0,0.0
14688,7.0,0.0,0.0
14689,10.0,0.0,0.0
14690,7.0,0.0,0.0
14691,9.0,0.0,0.0
14692,6.0,0.0,0.0
14693,13.0,0.0,0.0
14694,11.0,0.0,0.0
14695,7.0,1.0,0.27183169497746024
14696,18.0,1.0,0.25971195056817314
14697,9.0,1.0,0.2636459115679301
14698,11.0,1.0,0.2686043859033525
14699,9.0,1.0,0.27158742248864454
14700,13.0,1.0,0.2684242349300082
14701,10.0,1.0,0.26684913707547686
14702,12.0,2.0,0.5293017092119197
14703,9.0,2.0,0.5202187393013902
14704,7.0,2.0,0.5227130480352966
14705,11.0,1.0,0.262527293028323
14706,6.0,1.0,0.26186039480074774
14707,20.0,1.0,0.2697598306408786
14708,17.0,1.0,0.26492206446754824
14709,13.0,1.0,0.2578643748613684
14710,16.0,1.0,0.2708661233074868
14711,13.0,1.0,0.24866857688552785
14712,10.0,0.0,0.0
14713,10.0,0.0,0.0
14714,12.0,0.0,0.0
14715,8.0,0.0,0.0
14716,7.0,0.0,0.0
14717,10.0,1.0,0.7433932933607857
14718,14.0,1.0,0.763603635045243
14719,12.0,1.0,0.7415902333990703
14720,16.0,1.0,0.7789779926323015
14721,9.0,2.0,1.194343953420178
14722,13.0,2.0,1.2790597307903708
14723,15.0,3.0,1.761180503911198
14724,12.0,3.0,1.7692755702637242
14725,9.0,3.0,1.7687937324879792
14726,8.0,4.0,2.1559228807946047
14727,13.0,4.0,1.6734514920889527
14728,8.0,4.0,1.5830436070090184
14729,7.0,4.0,1.6026229274097523
14730,7.0,4.0,1.5498025021756545
14731,17.0,3.0,1.092983429983332
14732,8.0,3.0,1.0284166470067015
14733,10.0,2.0,0.47320599804762986
14734,15.0,2.0,0.4218264995729174
14735,14.0,3.0,0.7886653384802267
14736,7.0,2.0,0.5087775692313808
14737,10.0,1.0,0.3504326254750813
14738,3.0,1.0,0.36911808283142633
14739,11.0,1.0,0.4056262417052442
14740,13.0,1.0,0.38776809824717057
14741,13.0,1.0,0.3980980732206495
14742,9.0,1.0,0.34387364119881564
14743,19.0,1.0,0.32823893025425754
14744,13.0,1.0,0.31390336951130504
14745,9.0,0.0,0.0
14746,9.0,0.0,0.0
14747,12.0,0.0,0.0
14748,12.0,0.0,0.0
14749,10.0,0.0,0.0
14750,13.0,0.0,0.0
14751,11.0,0.0,0.0
14752,10.0,0.0,0.0
14753,16.0,0.0,0.0
14754,12.0,0.0,0.0
14755,10.0,0.0,0.0
14756,26.0,1.0,0.5055745236861122
14757,8.0,1.0,0.6170775425786478
14758,6.0,1.0,0.6274871802036386
14759,10.0,1.0,0.5768489234887572
14760,11.0,1.0,0.5817624286207501
14761,12.0,1.0,0.6248380458447998
14762,13.0,1.0,0.5726228862446071
14763,13.0,1.0,0.5865195314329453
14764,4.0,1.0,0.34205416105919456
14765,12.0,1.0,0.6200331613236499
14766,11.0,0.0,0.0
14767,13.0,0.0,0.0
14768,13.0,0.0,0.0
14769,10.0,0.0,0.0
14770,8.0,0.0,0.0
14771,13.0,0.0,0.0
14772,11.0,0.0,0.0
14773,16.0,0.0,0.0
14774,16.0,0.0,0.0
14775,15.0,0.0,0.0
14776,6.0,0.0,0.0
14777,15.0,0.0,0.0
14778,17.0,0.0,0.0
14779,12.0,0.0,0.0
14780,11.0,0.0,0.0
14781,12.0,0.0,0.0
14782,13.0,0.0,0.0
14783,14.0,0.0,0.0
14784,10.0,0.0,0.0
14785,19.0,0.0,0.0
14786,10.0,0.0,0.0
14787,14.0,0.0,0.0
14788,20.0,1.0,0.3200426227395833
14789,12.0,1.0,0.31288325253057137
14790,13.0,1.0,0.38565980336185196
14791,14.0,1.0,0.34411136453865004
14792,17.0,1.0,0.3577318505777813
14793,18.0,1.0,0.2850365610391614
14794,15.0,1.0,0.3046428753921357
14795,10.0,1.0,0.3484714372791192
14796,14.0,1.0,0.35370467060310884
14797,13.0,1.0,0.289891685712467
14798,18.0,0.0,0.0
14799,10.0,0.0,0.0
14800,8.0,0.0,0.0
14801,11.0,1.0,0.5150956684175986
14802,9.0,2.0,0.8991022676328003
14803,10.0,2.0,0.7164497174034068
14804,13.0,2.0,0.5877248053698881
14805,19.0,2.0,0.8921347121177552
14806,11.0,2.0,1.1559888532181741
14807,19.0,3.0,1.6270363085156536
14808,13.0,3.0,1.812047958482313
14809,12.0,3.0,1.7945732040276856
14810,11.0,3.0,1.6320715496384424
14811,15.0,2.0,0.9907311232831701
14812,9.0,1.0,0.553060903497777
14813,10.0,1.0,0.6003612026132238
14814,7.0,1.0,0.5998005649449476
14815,11.0,1.0,0.45161652015248777
14816,9.0,2.0,1.3045313266378118
14817,7.0,1.0,0.6964476045110674
14818,14.0,1.0,0.9320769130459795
14819,10.0,1.0,0.8800130941592285
14820,10.0,1.0,0.8117150532343018
14821,16.0,1.0,0.8461080294335336
14822,10.0,1.0,0.7446051268020998
14823,12.0,1.0,0.890691346900029
14824,22.0,1.0,0.8279089323273894
14825,10.0,1.0,0.6632380527511423
14826,15.0,0.0,0.0
14827,14.0,0.0,0.0
14828,15.0,0.0,0.0
14829,13.0,0.0,0.0
14830,10.0,0.0,0.0
14831,11.0,0.0,0.0
14832,13.0,0.0,0.0
14833,14.0,0.0,0.0
14834,14.0,0.0,0.0
14835,11.0,0.0,0.0
14836,18.0,0.0,0.0
14837,15.0,0.0,0.0
14838,7.0,0.0,0.0
14839,9.0,1.0,0.33667834661473206
14840,4.0,1.0,0.340817393892357
14841,6.0,1.0,0.44051836383488624
14842,13.0,1.0,0.4520789939161999
14843,15.0,1.0,0.3876295538370404
14844,7.0,1.0,0.3627093088698338
14845,13.0,1.0,0.3122131577565312
14846,8.0,1.0,0.33951610191067594
14847,16.0,1.0,0.2744981468432405
14848,17.0,2.0,0.5814418690575108
14849,15.0,1.0,0.411292429933612
14850,14.0,1.0,0.4023405682965114
14851,16.0,1.0,0.4106528856253209
14852,12.0,1.0,0.4116282196260076
14853,19.0,1.0,0.4137107146043686
14854,16.0,1.0,0.35958991878621405
14855,9.0,1.0,0.3901402882072708
14856,12.0,1.0,0.41266482064481796
14857,12.0,1.0,0.38869234146149323
14858,15.0,0.0,0.0
14859,14.0,0.0,0.0
14860,6.0,0.0,0.0
14861,7.0,0.0,0.0
14862,7.0,0.0,0.0
14863,16.0,0.0,0.0
14864,7.0,0.0,0.0
14865,10.0,0.0,0.0
14866,13.0,0.0,0.0
14867,15.0,0.0,0.0
14868,15.0,0.0,0.0
14869,10.0,0.0,0.0
14870,12.0,0.0,0.0
14871,14.0,1.0,0.4158954259298667
14872,19.0,1.0,0.41537200582899797
14873,12.0,1.0,0.40701793603320713
14874,14.0,1.0,0.4280330262045197
14875,15.0,1.0,0.3804875070225673
14876,11.0,1.0,0.40178279672442624
14877,15.0,3.0,1.1584033347151228
14878,11.0,3.0,1.5377713747354254
14879,13.0,3.0,1.5491686628938304
14880,6.0,3.0,1.5714703529178742
14881,8.0,2.0,1.0451713802652263
14882,11.0,2.0,0.8056450524742743
14883,15.0,2.0,0.8007543582965428
14884,9.0,2.0,0.7599360495881236
14885,9.0,2.0,0.7140552878904012
14886,7.0,2.0,0.4280119980305955
14887,12.0,0.0,0.0
14888,9.0,0.0,0.0
14889,13.0,0.0,0.0
14890,15.0,0.0,0.0
14891,9.0,0.0,0.0
14892,15.0,0.0,0.0
14893,16.0,0.0,0.0
14894,10.0,0.0,0.0
14895,6.0,0.0,0.0
14896,14.0,0.0,0.0
14897,12.0,0.0,0.0
14898,11.0,0.0,0.0
14899,8.0,0.0,0.0
14900,4.0,0.0,0.0
14901,9.0,0.0,0.0
14902,14.0,0.0,0.0
14903,16.0,0.0,0.0
14904,11.0,0.0,0.0
14905,8.0,0.0,0.0
14906,11.0,0.0,0.0
14907,14.0,0.0,0.0
14908,13.0,0.0,0.0
14909,15.0,0.0,0.0
14910,7.0,0.0,0.0
14911,15.0,0.0,0.0
14912,15.0,0.0,0.0
14913,14.0,0.0,0.0
14914,13.0,0.0,0.0
14915,11.0,0.0,0.0
14916,15.0,0.0,0.0
14917,13.0,0.0,0.0
14918,9.0,0.0,0.0
14919,13.0,1.0,0.46779781140559024
14920,12.0,1.0,0.4697974948701694
14921,14.0,1.0,0.474491632499644
14922,9.0,1.0,0.5079590106825969
14923,10.0,1.0,0.557510171743325
14924,15.0,1.0,0.5558978003372793
14925,11.0,1.0,0.5261543298184842
14926,7.0,1.0,0.1843165531275208
14927,20.0,1.0,0.5347217134095807
14928,11.0,1.0,0.2362075432913304
14929,15.0,0.0,0.0
14930,9.0,0.0,0.0
14931,8.0,0.0,0.0
14932,13.0,0.0,0.0
14933,8.0,0.0,0.0
14934,15.0,0.0,0.0
14935,18.0,0.0,0.0
14936,12.0,0.0,0.0
14937,9.0,0.0,0.0
14938,10.0,0.0,0.0
14939,13.0,0.0,0.0
14940,11.0,0.0,0.0
14941,11.0,0.0,0.0
14942,11.0,0.0,0.0
14943,24.0,0.0,0.0
14944,11.0,0.0,0.0
14945,7.0,0.0,0.0
14946,13.0,0.0,0.0
14947,16.0,0.0,0.0
14948,11.0,0.0,0.0
14949,6.0,0.0,0.0
14950,20.0,0.0,0.0
14951,16.0,0.0,0.0
14952,11.0,0.0,0.0
14953,12.0,0.0,0.0
14954,12.0,0.0,0.0
14955,11.0,0.0,0.0
14956,15.0,0.0,0.0
14957,13.0,0.0,0.0
14958,14.0,0.0,0.0
14959,9.0,0.0,0.0
14960,10.0,0.0,0.0
14961,12.0,0.0,0.0
14962,12.0,0.0,0.0
14963,6.0,0.0,0.0
14964,12.0,0.0,0.0
14965,15.0,0.0,0.0
14966,11.0,0.0,0.0
14967,16.0,1.0,0.6379249874151993
14968,8.0,1.0,0.6344186969269396
14969,12.0,1.0,0.6486846571655218
14970,12.0,1.0,0.6473142109244043
14971,13.0,1.0,0.6462163319826189
14972,14.0,1.0,0.6475608530938407
14973,12.0,1.0,0.6473561904303676
14974,14.0,1.0,0.6486021778475182
14975,10.0,1.0,0.6443999359156496
14976,13.0,2.0,0.9248894123626519
14977,13.0,1.0,0.29015360768751797
14978,11.0,1.0,0.3006020012071548
14979,7.0,1.0,0.307267008753349
14980,8.0,1.0,0.3129801766032872
14981,10.0,1.0,0.3137853278107534
14982,8.0,1.0,0.31367557518412287
14983,9.0,1.0,0.30567207895316234
14984,8.0,1.0,0.29819838713806873
14985,12.0,1.0,0.29150019098744423
14986,13.0,0.0,0.0
14987,13.0,0.0,0.0
14988,4.0,1.0,0.9994349394671154
14989,16.0,1.0,1.0163465076242753
14990,10.0,1.0,1.0198087540376368
14991,12.0,1.0,1.022248856176884
14992,20.0,1.0,1.024053678804388
14993,15.0,1.0,1.026155590774762
14994,13.0,1.0,1.0242076772780058
14995,14.0,1.0,1.0261213256731871
14996,17.0,2.0,1.6757876671643888
14997,6.0,2.0,1.663036610339672
14998,12.0,1.0,0.6850262798840494
14999,9.0,1.0,0.6917813016141884
15000,8.0,1.0,0.6907263834098343
15001,15.0,1.0,0.6931038293164374
15002,13.0,1.0,0.6923129594142394
15003,11.0,2.0,1.8779698113920698
15004,22.0,2.0,1.8808077097101594
15005,11.0,2.0,1.8914737646203572
15006,15.0,1.0,1.2546581046595635
15007,13.0,1.0,1.2530598488461828
15008,9.0,1.0,1.2564861593321421
15009,11.0,1.0,1.2528804948183545
15010,13.0,1.0,1.2450932139153537
15011,9.0,1.0,1.231342848014312
15012,16.0,1.0,1.2181507212968354
15013,12.0,1.0,1.0893430537208013
15014,9.0,1.0,1.0981094186617373
15015,17.0,1.0,1.112597729585947
15016,11.0,1.0,1.1203031455552275
15017,16.0,1.0,1.1291164662921076
15018,8.0,1.0,1.1333897883375357
15019,7.0,1.0,1.1286697751518613
15020,12.0,1.0,1.117549378407817
15021,9.0,1.0,1.0850269945726843
15022,15.0,1.0,1.0610712644381697
15023,10.0,0.0,0.0
15024,10.0,0.0,0.0
15025,8.0,0.0,0.0
15026,16.0,0.0,0.0
15027,14.0,0.0,0.0
15028,14.0,0.0,0.0
15029,14.0,0.0,0.0
15030,11.0,0.0,0.0
15031,7.0,0.0,0.0
15032,11.0,1.0,0.9476214403898607
15033,16.0,1.0,0.9374036961269517
15034,16.0,1.0,0.9422382549774478
15035,15.0,1.0,0.953326873101712
15036,8.0,1.0,0.9687968385911888
15037,11.0,1.0,0.9747399969136052
15038,11.0,1.0,0.9643417403242958
15039,15.0,1.0,0.9374883963172026
15040,8.0,2.0,1.283464763499075
15041,18.0,2.0,1.2676401519333842
15042,8.0,1.0,0.403314212531151
15043,7.0,1.0,0.41085471944495383
15044,16.0,1.0,0.4159528915318057
15045,18.0,1.0,0.41006266030595734
15046,10.0,1.0,0.4138584891015813
15047,12.0,1.0,0.3839596671593751
15048,9.0,1.0,0.363004179034219
15049,10.0,1.0,0.34777171124179695
15050,11.0,0.0,0.0
15051,10.0,0.0,0.0
15052,8.0,0.0,0.0
15053,16.0,0.0,0.0
15054,13.0,2.0,1.3117551629960713
15055,7.0,2.0,1.4174182358166907
15056,7.0,2.0,1.3972646098252874
15057,11.0,3.0,2.07089205360427
15058,12.0,3.0,1.9557795541137644
15059,18.0,3.0,1.518235015890602
15060,14.0,3.0,1.6595696458979639
15061,14.0,3.0,1.4214650433251521
15062,10.0,3.0,1.5803562260537025
15063,11.0,3.0,1.8641666644192716
15064,12.0,1.0,0.6167193703713189
15065,21.0,1.0,0.6058675231682384
15066,17.0,1.0,0.62515795667527
15067,16.0,0.0,0.0
15068,13.0,0.0,0.0
15069,16.0,0.0,0.0
15070,10.0,0.0,0.0
15071,12.0,0.0,0.0
15072,7.0,0.0,0.0
15073,9.0,0.0,0.0
15074,20.0,0.0,0.0
15075,17.0,0.0,0.0
15076,12.0,0.0,0.0
15077,10.0,0.0,0.0
15078,11.0,0.0,0.0
15079,8.0,0.0,0.0
15080,8.0,1.0,0.4165104811276957
15081,11.0,1.0,0.5342287083143048
15082,18.0,1.0,0.48938393687643883
15083,8.0,1.0,0.40859309764578094
15084,7.0,1.0,0.4989141608367814
15085,10.0,1.0,0.5593189223628988
15086,12.0,1.0,0.4075607996894319
15087,12.0,1.0,0.36152690901450735
15088,9.0,1.0,0.22048834275817764
15089,12.0,1.0,0.2590728487503889
15090,10.0,0.0,0.0
15091,13.0,0.0,0.0
15092,15.0,1.0,0.5241796166521433
15093,6.0,2.0,1.0908335235302107
15094,13.0,2.0,1.142200710209905
15095,11.0,2.0,1.130214381310048
15096,21.0,2.0,1.0617049612469782
15097,11.0,2.0,0.9902490939386867
15098,17.0,2.0,1.0165151385615632
15099,11.0,2.0,1.1175463689380316
15100,15.0,2.0,1.180067741573107
15101,9.0,2.0,1.1148913242413125
15102,17.0,1.0,0.43343539597224834
15103,15.0,0.0,0.0
15104,18.0,0.0,0.0
15105,10.0,0.0,0.0
15106,4.0,0.0,0.0
15107,15.0,0.0,0.0
15108,14.0,0.0,0.0
15109,11.0,0.0,0.0
15110,11.0,0.0,0.0
15111,11.0,1.0,0.09873157617373772
15112,11.0,1.0,0.1489255189936079
15113,6.0,1.0,0.205524286944953
15114,13.0,1.0,0.2269258580876194
15115,14.0,1.0,0.23361871164480716
15116,16.0,1.0,0.2390812830324924
15117,6.0,1.0,0.24015506939100517
15118,12.0,1.0,0.23936040584221976
15119,8.0,1.0,0.2199643728711181
15120,3.0,1.0,0.1926723367469895
15121,14.0,0.0,0.0
15122,9.0,0.0,0.0
15123,10.0,0.0,0.0
15124,9.0,0.0,0.0
15125,15.0,0.0,0.0
15126,6.0,0.0,0.0
15127,8.0,0.0,0.0
15128,11.0,0.0,0.0
15129,11.0,0.0,0.0
15130,15.0,0.0,0.0
15131,16.0,0.0,0.0
15132,7.0,0.0,0.0
15133,13.0,1.0,0.7657233291449999
15134,10.0,1.0,0.7535031319756783
15135,19.0,1.0,0.7627668515177705
15136,12.0,1.0,0.7483722232471829
15137,10.0,1.0,0.8121910633894315
15138,11.0,1.0,0.8599165412155596
15139,10.0,1.0,0.8672551170149688
15140,17.0,2.0,1.4487868657855285
15141,6.0,3.0,2.0343137721501163
15142,12.0,3.0,1.9204256900081969
15143,8.0,2.0,1.222101470738552
15144,11.0,2.0,1.1141682035044016
15145,11.0,3.0,1.6358765301222649
15146,11.0,3.0,1.6333221085019298
15147,10.0,3.0,0.6894164746771263
15148,13.0,3.0,1.2488275684739638
15149,13.0,3.0,1.022743866247848
15150,14.0,2.0,1.0266492007816157
15151,9.0,1.0,0.3412567091306479
15152,7.0,1.0,0.3871866190322702
15153,13.0,1.0,0.3973654003150786
15154,13.0,1.0,0.32552890386122496
15155,16.0,0.0,0.0
15156,18.0,0.0,0.0
15157,15.0,0.0,0.0
15158,15.0,0.0,0.0
15159,8.0,0.0,0.0
15160,15.0,0.0,0.0
15161,9.0,0.0,0.0
15162,11.0,0.0,0.0
15163,22.0,0.0,0.0
15164,16.0,0.0,0.0
15165,10.0,0.0,0.0
15166,14.0,0.0,0.0
15167,13.0,0.0,0.0
15168,14.0,0.0,0.0
15169,12.0,0.0,0.0
15170,9.0,0.0,0.0
15171,15.0,0.0,0.0
15172,14.0,0.0,0.0
15173,8.0,0.0,0.0
15174,17.0,0.0,0.0
15175,12.0,0.0,0.0
15176,10.0,1.0,0.40443815306037095
15177,11.0,1.0,0.4303770998196425
15178,19.0,1.0,0.4491075133402627
15179,12.0,1.0,0.4101318918353689
15180,10.0,1.0,0.4236202385522211
15181,11.0,1.0,0.3646312915941297
15182,13.0,1.0,0.32894710021833606
15183,12.0,1.0,0.3626407764266503
15184,8.0,1.0,0.3629303353822365
15185,15.0,1.0,0.27776229093390525
15186,15.0,0.0,0.0
15187,15.0,0.0,0.0
15188,10.0,0.0,0.0
15189,11.0,0.0,0.0
15190,12.0,0.0,0.0
15191,9.0,0.0,0.0
15192,8.0,0.0,0.0
15193,9.0,0.0,0.0
15194,14.0,1.0,0.2924903116789894
15195,12.0,2.0,0.8732620655960777
15196,14.0,2.0,0.928122328200213
15197,10.0,2.0,0.9289034423586953
15198,7.0,3.0,1.3612375848295752
15199,12.0,3.0,1.4008786192234643
15200,24.0,3.0,1.4373443009022295
15201,10.0,3.0,1.4133339804540976
15202,11.0,3.0,1.4139665192132451
15203,11.0,3.0,1.4184377202572374
15204,10.0,2.0,1.1251366001199576
15205,9.0,1.0,0.48261428026295383
15206,10.0,1.0,0.47307506796321674
15207,7.0,1.0,0.47555734593326043
15208,10.0,0.0,0.0
15209,18.0,1.0,0.2255510789051848
15210,13.0,1.0,0.24966449194417387
15211,16.0,1.0,0.2629746145285404
15212,13.0,1.0,0.26595732969020647
15213,7.0,1.0,0.2766848678579991
15214,16.0,1.0,0.2885216656510981
15215,16.0,1.0,0.27480432248249476
15216,14.0,1.0,0.26398114721061205
15217,7.0,1.0,0.2537774794776262
15218,12.0,1.0,0.23633087888061627
15219,13.0,0.0,0.0
15220,15.0,0.0,0.0
15221,11.0,0.0,0.0
15222,10.0,0.0,0.0
15223,12.0,0.0,0.0
15224,12.0,0.0,0.0
15225,14.0,0.0,0.0
15226,5.0,0.0,0.0
15227,12.0,0.0,0.0
15228,10.0,0.0,0.0
15229,11.0,0.0,0.0
15230,16.0,0.0,0.0
15231,11.0,0.0,0.0
15232,16.0,0.0,0.0
15233,12.0,0.0,0.0
15234,9.0,0.0,0.0
15235,12.0,1.0,0.1770011431670316
15236,20.0,1.0,0.2300109801721363
15237,11.0,1.0,0.23956900251684046
15238,13.0,1.0,0.2719623035636387
15239,9.0,1.0,0.2469387216621783
15240,7.0,1.0,0.2194838975704717
15241,15.0,1.0,0.15961516321395633
15242,15.0,1.0,0.1446120869722786
15243,15.0,1.0,0.16997907019387126
15244,16.0,1.0,0.1850874169419918
15245,7.0,0.0,0.0
15246,11.0,1.0,0.4283952476568211
15247,18.0,1.0,0.32137029618738255
15248,13.0,1.0,0.44562129257968824
15249,10.0,1.0,0.4309688704573908
15250,11.0,1.0,0.5389550732077861
15251,17.0,1.0,0.5696151063090158
15252,7.0,1.0,0.597217345381278
15253,10.0,1.0,0.6045046449629062
15254,13.0,1.0,0.5414137045565149
15255,13.0,1.0,0.4981827708387941
15256,16.0,0.0,0.0
15257,14.0,0.0,0.0
15258,15.0,1.0,0.6261232407703314
15259,12.0,1.0,0.6799508451375632
15260,21.0,1.0,0.7834350022672996
15261,16.0,1.0,0.8148132984487936
15262,8.0,1.0,0.7999265675104275
15263,15.0,1.0,0.7903531706722654
15264,9.0,1.0,0.7532092242934407
15265,6.0,1.0,0.7080855864731096
15266,12.0,1.0,0.6843332378903453
15267,11.0,1.0,0.6286542760123761
15268,10.0,0.0,0.0
15269,12.0,0.0,0.0
15270,15.0,0.0,0.0
15271,10.0,0.0,0.0
15272,12.0,0.0,0.0
15273,14.0,0.0,0.0
15274,14.0,0.0,0.0
15275,9.0,0.0,0.0
15276,13.0,0.0,0.0
15277,13.0,0.0,0.0
15278,13.0,0.0,0.0
15279,10.0,0.0,0.0
15280,21.0,0.0,0.0
15281,19.0,0.0,0.0
15282,11.0,0.0,0.0
15283,13.0,0.0,0.0
15284,13.0,0.0,0.0
15285,12.0,0.0,0.0
15286,12.0,0.0,0.0
15287,14.0,0.0,0.0
15288,9.0,0.0,0.0
15289,11.0,0.0,0.0
15290,17.0,0.0,0.0
15291,8.0,0.0,0.0
15292,11.0,0.0,0.0
15293,8.0,0.0,0.0
15294,7.0,0.0,0.0
15295,16.0,0.0,0.0
15296,7.0,0.0,0.0
15297,10.0,0.0,0.0
15298,4.0,0.0,0.0
15299,12.0,0.0,0.0
15300,7.0,0.0,0.0
15301,9.0,0.0,0.0
15302,8.0,0.0,0.0
15303,11.0,0.0,0.0
15304,9.0,1.0,0.06701310364988261
15305,18.0,1.0,0.3408106520117194
15306,14.0,1.0,0.5369545328097619
15307,12.0,1.0,0.4697031240931916
15308,9.0,1.0,0.4354402471564969
15309,11.0,1.0,0.4171677855335085
15310,13.0,1.0,0.6980274484769893
15311,13.0,1.0,0.6864659446550988
15312,15.0,1.0,0.7359038007298165
15313,13.0,1.0,0.4410751136174
15314,12.0,0.0,0.0
15315,14.0,0.0,0.0
15316,15.0,0.0,0.0
15317,11.0,0.0,0.0
15318,9.0,0.0,0.0
15319,12.0,0.0,0.0
15320,11.0,1.0,0.5332129113459493
15321,14.0,1.0,0.5498149742712702
15322,10.0,1.0,0.5503594605579577
15323,12.0,1.0,0.55937274359664
15324,16.0,1.0,0.5674161019999258
15325,14.0,1.0,0.5694319679471241
15326,8.0,1.0,0.5653574193502636
15327,14.0,1.0,0.5631142915681688
15328,9.0,1.0,0.5638145678448183
15329,13.0,1.0,0.5615499291800894
15330,13.0,0.0,0.0
15331,12.0,0.0,0.0
15332,13.0,0.0,0.0
15333,12.0,1.0,0.18802168566190117
15334,10.0,1.0,0.22098690332529447
15335,15.0,1.0,0.23375187364294117
15336,13.0,1.0,0.22402769415247434
15337,8.0,1.0,0.24323779333672155
15338,14.0,1.0,0.20877440810525552
15339,9.0,1.0,0.21315533947722343
15340,15.0,1.0,0.18894198861689027
15341,12.0,1.0,0.1108450162327722
15342,11.0,1.0,0.00651744505832193
15343,6.0,0.0,0.0
15344,14.0,0.0,0.0
15345,14.0,0.0,0.0
15346,10.0,0.0,0.0
15347,11.0,0.0,0.0
15348,11.0,0.0,0.0
15349,9.0,1.0,0.46567697671114816
15350,12.0,1.0,0.6285278507120383
15351,13.0,2.0,0.7665766185349618
15352,12.0,2.0,1.1022112662777335
15353,15.0,2.0,0.7612916447097757
15354,12.0,2.0,0.814262563419465
15355,14.0,2.0,0.984356418721566
15356,9.0,2.0,1.1982289806088011
15357,10.0,2.0,1.1869650462039611
15358,11.0,3.0,1.3635508905638498
15359,8.0,2.0,0.7883496295289456
15360,13.0,2.0,0.6635510644377139
15361,6.0,1.0,0.10838482887323543
15362,8.0,2.0,0.5311995887845968
15363,15.0,2.0,0.5866917492980135
15364,16.0,2.0,0.6235756599591296
15365,5.0,3.0,1.120835654197414
15366,17.0,3.0,1.029037455707206
15367,6.0,3.0,1.0573146295193085
15368,8.0,2.0,0.9235615742374794
15369,11.0,2.0,0.9306550724400944
15370,9.0,2.0,0.9171169558379237
15371,10.0,2.0,0.915840384408918
15372,12.0,1.0,0.5275858519121925
15373,6.0,1.0,0.5159806650195964
15374,14.0,1.0,0.5205453104897702
15375,13.0,0.0,0.0
15376,10.0,0.0,0.0
15377,8.0,0.0,0.0
15378,7.0,0.0,0.0
15379,14.0,0.0,0.0
15380,7.0,2.0,1.352903497473049
15381,3.0,2.0,1.389385291707267
15382,12.0,2.0,1.3724459943356648
15383,11.0,2.0,1.4177015294847766
15384,14.0,2.0,1.4327084597455104
15385,12.0,2.0,1.4390789947728062
15386,13.0,3.0,1.9579385555479076
15387,8.0,3.0,1.936662264306253
15388,13.0,3.0,1.936377115250038
15389,19.0,3.0,1.9166518527971044
15390,14.0,1.0,0.5450679225294625
15391,11.0,1.0,0.5512016037361166
15392,7.0,1.0,0.5438364349577078
15393,13.0,1.0,0.5485138402453046
15394,15.0,1.0,0.5403420348305886
15395,13.0,1.0,0.5545390491139893
15396,15.0,0.0,0.0
15397,16.0,0.0,0.0
15398,9.0,0.0,0.0
15399,18.0,0.0,0.0
15400,11.0,0.0,0.0
15401,14.0,0.0,0.0
15402,12.0,0.0,0.0
15403,13.0,0.0,0.0
15404,13.0,0.0,0.0
15405,14.0,0.0,0.0
15406,11.0,0.0,0.0
15407,9.0,0.0,0.0
15408,15.0,0.0,0.0
15409,11.0,0.0,0.0
15410,13.0,0.0,0.0
15411,9.0,0.0,0.0
15412,10.0,0.0,0.0
15413,8.0,0.0,0.0
15414,15.0,0.0,0.0
15415,14.0,0.0,0.0
15416,12.0,0.0,0.0
15417,12.0,0.0,0.0
15418,11.0,0.0,0.0
15419,7.0,0.0,0.0
15420,10.0,2.0,0.6273658953237191
15421,7.0,2.0,0.7837388764547522
15422,11.0,2.0,0.6562367630461265
15423,13.0,2.0,0.6066982914854993
15424,7.0,2.0,0.6436000405712584
15425,18.0,2.0,0.6937521066558483
15426,11.0,2.0,0.8343718754576479
15427,13.0,2.0,0.8221972383886456
15428,11.0,2.0,0.7321505986718788
15429,16.0,2.0,0.5740786242291285
15430,13.0,0.0,0.0
15431,14.0,0.0,0.0
15432,12.0,0.0,0.0
15433,14.0,0.0,0.0
15434,12.0,0.0,0.0
15435,11.0,0.0,0.0
15436,7.0,0.0,0.0
15437,10.0,0.0,0.0
15438,14.0,0.0,0.0
15439,14.0,0.0,0.0
15440,12.0,0.0,0.0
15441,11.0,0.0,0.0
15442,11.0,0.0,0.0
15443,11.0,0.0,0.0
15444,14.0,0.0,0.0
15445,13.0,1.0,0.24718113334167666
15446,22.0,1.0,0.23686001243400573
15447,14.0,2.0,0.6864861031370364
15448,9.0,2.0,0.6611086773883157
15449,17.0,2.0,0.5906717336744978
15450,12.0,2.0,0.7357888288699228
15451,11.0,2.0,0.698013204986897
15452,13.0,2.0,0.7361682872647042
15453,9.0,2.0,0.7000532458392575
15454,11.0,2.0,0.6572969379752142
15455,11.0,1.0,0.4139628769398223
15456,15.0,1.0,0.44481864745119665
15457,12.0,0.0,0.0
15458,16.0,0.0,0.0
15459,21.0,0.0,0.0
15460,14.0,0.0,0.0
15461,10.0,0.0,0.0
15462,10.0,0.0,0.0
15463,17.0,0.0,0.0
15464,12.0,0.0,0.0
15465,13.0,0.0,0.0
15466,15.0,0.0,0.0
15467,10.0,0.0,0.0
15468,11.0,0.0,0.0
15469,13.0,0.0,0.0
15470,9.0,0.0,0.0
15471,16.0,0.0,0.0
15472,15.0,0.0,0.0
15473,7.0,0.0,0.0
15474,17.0,0.0,0.0
15475,6.0,0.0,0.0
15476,11.0,0.0,0.0
15477,8.0,0.0,0.0
15478,16.0,1.0,0.8273173138054316
15479,11.0,1.0,0.8837941236745833
15480,13.0,1.0,0.9676280098588841
15481,5.0,1.0,1.1234631770886816
15482,14.0,1.0,1.1790812165794877
15483,11.0,1.0,1.1049486193215377
15484,9.0,1.0,1.0850317450742042
15485,13.0,1.0,0.9113696876303291
15486,16.0,1.0,0.7230758275843566
15487,10.0,1.0,0.6341036314165243
15488,13.0,0.0,0.0
15489,13.0,0.0,0.0
15490,14.0,1.0,0.6285387874833169
15491,13.0,1.0,0.6141034430510043
15492,14.0,1.0,0.6137499111748338
15493,15.0,2.0,0.33706120457531347
15494,16.0,2.0,0.6076899932809414
15495,13.0,2.0,0.20446392328407742
15496,14.0,2.0,0.21071749415077093
15497,9.0,2.0,0.6442359855127837
15498,19.0,2.0,0.8263989833646517
15499,14.0,3.0,1.0512117935865672
15500,17.0,2.0,0.5410278757569125
15501,18.0,2.0,0.6141293015745122
15502,11.0,2.0,0.6471467376401294
15503,17.0,1.0,0.34221181099787773
15504,12.0,1.0,0.34658424876375815
15505,14.0,1.0,0.4365480704963675
15506,12.0,1.0,0.4225691182568231
15507,10.0,1.0,0.4786724322346382
15508,9.0,1.0,0.43308465591655115
15509,12.0,0.0,0.0
15510,9.0,0.0,0.0
15511,10.0,0.0,0.0
15512,11.0,0.0,0.0
15513,20.0,0.0,0.0
15514,17.0,0.0,0.0
15515,13.0,0.0,0.0
15516,8.0,1.0,0.75254560463039
15517,8.0,2.0,1.2468327108576378
15518,8.0,2.0,1.5281380059092302
15519,20.0,2.0,1.8217249220976868
15520,17.0,2.0,1.7677380747818447
15521,14.0,2.0,1.4944217831622177
15522,18.0,2.0,1.5501687034930884
15523,10.0,2.0,1.852521423440177
15524,19.0,2.0,1.8585750730695636
15525,12.0,2.0,1.8361954877330098
15526,10.0,1.0,1.1350897767740067
15527,10.0,0.0,0.0
15528,4.0,0.0,0.0
15529,11.0,0.0,0.0
15530,7.0,0.0,0.0
15531,17.0,0.0,0.0
15532,7.0,0.0,0.0
15533,16.0,0.0,0.0
15534,13.0,0.0,0.0
15535,8.0,0.0,0.0
15536,19.0,0.0,0.0
15537,9.0,0.0,0.0
15538,13.0,0.0,0.0
15539,9.0,0.0,0.0
15540,13.0,0.0,0.0
15541,13.0,0.0,0.0
15542,12.0,0.0,0.0
15543,16.0,0.0,0.0
15544,9.0,0.0,0.0
15545,13.0,0.0,0.0
15546,12.0,0.0,0.0
15547,12.0,0.0,0.0
15548,18.0,0.0,0.0
15549,14.0,0.0,0.0
15550,11.0,0.0,0.0
15551,10.0,0.0,0.0
15552,11.0,0.0,0.0
15553,12.0,0.0,0.0
15554,10.0,0.0,0.0
15555,7.0,0.0,0.0
15556,8.0,0.0,0.0
15557,11.0,1.0,0.5413899625619598
15558,13.0,1.0,0.35419703436070693
15559,13.0,1.0,0.5531583107506296
15560,14.0,2.0,0.44389906184554384
15561,12.0,4.0,1.263847393139844
15562,10.0,4.0,1.0070958992263843
15563,13.0,4.0,0.8528640067509649
15564,5.0,4.0,1.513129067517037
15565,11.0,4.0,1.5612479378617587
15566,10.0,4.0,1.4123113750481449
15567,10.0,3.0,0.9657192485323987
15568,9.0,3.0,1.0227861475114297
15569,11.0,3.0,1.0465793254445048
15570,11.0,2.0,0.7256385068551379
15571,12.0,0.0,0.0
15572,13.0,0.0,0.0
15573,8.0,0.0,0.0
15574,7.0,0.0,0.0
15575,16.0,0.0,0.0
15576,10.0,0.0,0.0
15577,16.0,0.0,0.0
15578,15.0,0.0,0.0
15579,11.0,0.0,0.0
15580,9.0,0.0,0.0
15581,13.0,0.0,0.0
15582,14.0,0.0,0.0
15583,16.0,0.0,0.0
15584,15.0,0.0,0.0
15585,13.0,0.0,0.0
15586,14.0,0.0,0.0
15587,14.0,0.0,0.0
15588,11.0,0.0,0.0
15589,10.0,1.0,0.8295970365217766
15590,13.0,1.0,0.9116094666931007
15591,10.0,1.0,0.574503072922263
15592,13.0,2.0,0.5857329131092592
15593,14.0,2.0,0.9036974173250107
15594,12.0,2.0,0.535835228854652
15595,15.0,2.0,0.9445412589979236
15596,12.0,3.0,1.448816224804242
15597,10.0,3.0,1.4265733426153548
15598,5.0,3.0,1.445179002223215
15599,15.0,2.0,0.5286527772080313
15600,12.0,2.0,0.5313461878738648
15601,14.0,2.0,0.5004718841619136
15602,11.0,1.0,0.27769072801091393
15603,10.0,1.0,0.27800697372708827
15604,19.0,1.0,0.27781187420560327
15605,11.0,1.0,0.2593125484448984
15606,10.0,0.0,0.0
15607,8.0,0.0,0.0
15608,11.0,0.0,0.0
15609,14.0,0.0,0.0
15610,14.0,0.0,0.0
15611,12.0,0.0,0.0
15612,9.0,0.0,0.0
15613,15.0,0.0,0.0
15614,12.0,0.0,0.0
15615,7.0,1.0,0.5347047122458151
15616,8.0,1.0,0.5644828084262861
15617,10.0,1.0,0.7557007942425139
15618,11.0,1.0,0.705301728451692
15619,13.0,1.0,0.36868057747674376
15620,16.0,1.0,0.7554386983389618
15621,13.0,3.0,1.8800212234960898
15622,15.0,3.0,1.82576888432787
15623,10.0,3.0,1.07874696212435
15624,15.0,3.0,0.8833189379172356
15625,12.0,2.0,0.8064035677885472
15626,10.0,2.0,1.384934979630865
15627,13.0,2.0,1.4099797158981917
15628,12.0,2.0,1.4652890500699722
15629,12.0,2.0,1.4057473835628513
15630,16.0,2.0,1.4967136194875976
15631,13.0,0.0,0.0
15632,12.0,0.0,0.0
15633,9.0,0.0,0.0
15634,16.0,1.0,0.29245739468762455
15635,11.0,1.0,0.30116713048979493
15636,13.0,1.0,0.31291933819751794
15637,13.0,1.0,0.31407283587112744
15638,13.0,1.0,0.302384148641526
15639,8.0,1.0,0.30285915801358665
15640,6.0,1.0,0.2978956718808566
15641,6.0,1.0,0.2782017315608127
15642,7.0,1.0,0.27998160711725983
15643,13.0,1.0,0.27990452778114705
15644,10.0,0.0,0.0
15645,6.0,0.0,0.0
15646,9.0,0.0,0.0
15647,11.0,1.0,0.626422095962144
15648,12.0,1.0,0.6222584038969811
15649,10.0,1.0,0.6457547410286094
15650,10.0,2.0,1.2142621359639132
15651,11.0,2.0,0.8021129512247056
15652,12.0,2.0,1.070109427316505
15653,10.0,3.0,1.782039264788366
15654,13.0,3.0,1.236793384671458
15655,12.0,3.0,1.7696758968167527
15656,10.0,3.0,1.7144032171757622
15657,14.0,2.0,0.6206620223434627
15658,12.0,2.0,0.6295276581437194
15659,10.0,2.0,0.7355443891206802
15660,11.0,1.0,0.25528664032480036
15661,12.0,1.0,0.6191733309008856
15662,14.0,1.0,0.5229978578593064
15663,7.0,0.0,0.0
15664,11.0,0.0,0.0
15665,7.0,0.0,0.0
15666,7.0,0.0,0.0
15667,9.0,0.0,0.0
15668,10.0,0.0,0.0
15669,12.0,0.0,0.0
15670,6.0,0.0,0.0
15671,14.0,0.0,0.0
15672,9.0,0.0,0.0
15673,13.0,1.0,0.46407832087962086
15674,11.0,1.0,0.4778520062152897
15675,12.0,1.0,0.47316823063274777
15676,13.0,1.0,0.5228246570525161
15677,10.0,1.0,0.5233698841006257
15678,9.0,1.0,0.5287750054831325
15679,10.0,2.0,1.2766578313375776
15680,15.0,2.0,1.2770887028799145
15681,17.0,2.0,1.2693124581713608
15682,15.0,2.0,1.2452708765037164
15683,12.0,1.0,0.8103688687245595
15684,10.0,1.0,0.7928595545142297
15685,15.0,1.0,0.7713366466782935
15686,16.0,1.0,0.773934731534352
15687,6.0,1.0,0.8042364098667212
15688,15.0,1.0,0.641350301341606
15689,15.0,0.0,0.0
15690,23.0,0.0,0.0
15691,14.0,0.0,0.0
15692,6.0,0.0,0.0
15693,11.0,0.0,0.0
15694,8.0,0.0,0.0
15695,9.0,0.0,0.0
15696,13.0,0.0,0.0
15697,14.0,0.0,0.0
15698,11.0,0.0,0.0
15699,18.0,0.0,0.0
15700,13.0,0.0,0.0
15701,8.0,0.0,0.0
15702,10.0,0.0,0.0
15703,13.0,0.0,0.0
15704,18.0,0.0,0.0
15705,12.0,0.0,0.0
15706,4.0,0.0,0.0
15707,15.0,0.0,0.0
15708,13.0,0.0,0.0
15709,22.0,0.0,0.0
15710,13.0,0.0,0.0
15711,9.0,0.0,0.0
15712,15.0,0.0,0.0
15713,13.0,0.0,0.0
15714,16.0,1.0,0.20810976147317095
15715,11.0,1.0,0.2572401302038936
15716,18.0,1.0,0.3136369009636062
15717,13.0,1.0,0.3139251226841461
15718,10.0,1.0,0.3066758784110622
15719,11.0,1.0,0.3006442058331943
15720,8.0,1.0,0.3208290001970834
15721,9.0,1.0,0.3394072903307133
15722,8.0,1.0,0.30929372301819813
15723,17.0,1.0,0.2965414167551391
15724,14.0,0.0,0.0
15725,13.0,0.0,0.0
15726,10.0,0.0,0.0
15727,11.0,0.0,0.0
15728,11.0,0.0,0.0
15729,13.0,0.0,0.0
15730,10.0,0.0,0.0
15731,15.0,0.0,0.0
15732,14.0,0.0,0.0
15733,7.0,0.0,0.0
15734,14.0,0.0,0.0
15735,13.0,0.0,0.0
15736,11.0,0.0,0.0
15737,14.0,0.0,0.0
15738,9.0,0.0,0.0
15739,10.0,0.0,0.0
15740,14.0,1.0,0.3169371779766855
15741,12.0,1.0,0.307157436730458
15742,10.0,1.0,0.3285435309381722
15743,16.0,1.0,0.36895234658339393
15744,13.0,1.0,0.31426581728859526
15745,7.0,1.0,0.32141010476288706
15746,13.0,1.0,0.28221845472692014
15747,10.0,1.0,0.25085488539450984
15748,12.0,1.0,0.26206494286029575
15749,8.0,1.0,0.23243069592791402
15750,14.0,0.0,0.0
15751,13.0,0.0,0.0
15752,9.0,0.0,0.0
15753,14.0,0.0,0.0
15754,12.0,0.0,0.0
15755,13.0,0.0,0.0
15756,12.0,0.0,0.0
15757,19.0,0.0,0.0
15758,10.0,0.0,0.0
15759,12.0,0.0,0.0
15760,7.0,0.0,0.0
15761,11.0,0.0,0.0
15762,12.0,0.0,0.0
15763,7.0,0.0,0.0
15764,9.0,0.0,0.0
15765,8.0,0.0,0.0
15766,13.0,0.0,0.0
15767,10.0,0.0,0.0
15768,17.0,0.0,0.0
15769,14.0,0.0,0.0
15770,8.0,0.0,0.0
15771,15.0,0.0,0.0
15772,11.0,0.0,0.0
15773,8.0,0.0,0.0
15774,17.0,0.0,0.0
15775,11.0,0.0,0.0
15776,15.0,0.0,0.0
15777,16.0,0.0,0.0
15778,6.0,0.0,0.0
15779,10.0,0.0,0.0
15780,17.0,0.0,0.0
15781,13.0,0.0,0.0
15782,9.0,0.0,0.0
15783,13.0,0.0,0.0
15784,17.0,1.0,0.14719277250051446
15785,15.0,1.0,0.005008591486722841
15786,14.0,1.0,0.12969805654655764
15787,14.0,1.0,0.15202146507766084
15788,10.0,1.0,0.3042804427661021
15789,11.0,1.0,0.34146044415279597
15790,10.0,1.0,0.3474740295027897
15791,11.0,1.0,0.3433472673897095
15792,14.0,1.0,0.3411999533515274
15793,10.0,1.0,0.3220109049100154
15794,13.0,0.0,0.0
15795,16.0,0.0,0.0
15796,9.0,1.0,0.2843610128505728
15797,16.0,1.0,0.13452971296208643
15798,16.0,1.0,0.3196646675314747
15799,5.0,1.0,0.5661163911782191
15800,17.0,1.0,0.6812024425473597
15801,10.0,1.0,0.68190998640156
15802,14.0,1.0,0.4483176162878953
15803,9.0,1.0,0.5113138796733065
15804,15.0,1.0,0.65768747768282
15805,7.0,1.0,0.6798624464609062
15806,15.0,0.0,0.0
15807,11.0,0.0,0.0
15808,11.0,0.0,0.0
15809,16.0,0.0,0.0
15810,14.0,0.0,0.0
15811,5.0,0.0,0.0
15812,16.0,0.0,0.0
15813,6.0,0.0,0.0
15814,12.0,0.0,0.0
15815,9.0,0.0,0.0
15816,11.0,0.0,0.0
15817,13.0,0.0,0.0
15818,20.0,0.0,0.0
15819,12.0,0.0,0.0
15820,12.0,0.0,0.0
15821,14.0,2.0,0.6081829828676254
15822,15.0,2.0,0.5997677339421177
15823,14.0,2.0,0.5805137156354451
15824,5.0,2.0,0.5778912425843785
15825,14.0,2.0,0.5787832492056679
15826,13.0,3.0,1.778326699338409
15827,15.0,3.0,1.765492615000369
15828,17.0,3.0,1.7821516019164554
15829,7.0,3.0,1.7303101198799733
15830,23.0,4.0,1.9572023824316196
15831,11.0,2.0,1.4624231710315447
15832,12.0,2.0,1.5015154762617378
15833,9.0,2.0,1.4748250967232182
15834,8.0,2.0,1.44367939312442
15835,12.0,2.0,1.4328678654429696
15836,14.0,1.0,0.2741918242061109
15837,15.0,1.0,0.27429985726469386
15838,8.0,1.0,0.2752467917692806
15839,6.0,2.0,1.4575957384176128
15840,21.0,1.0,1.1571852352339358
15841,14.0,1.0,1.1149742908477858
15842,16.0,1.0,1.2355417504689123
15843,11.0,1.0,1.3008560523624233
15844,14.0,1.0,1.2920065903588733
15845,9.0,2.0,1.4943042121108836
15846,14.0,2.0,1.4445881351237388
15847,11.0,2.0,1.4173687653566514
15848,18.0,2.0,1.2921549142175006
15849,13.0,1.0,0.2648427403013676
15850,20.0,1.0,0.2591197029908049
15851,11.0,1.0,0.23506511981426934
15852,16.0,1.0,0.2553191840182774
15853,15.0,1.0,0.22875260998824984
15854,10.0,1.0,0.18052011181864902
15855,9.0,0.0,0.0
15856,16.0,0.0,0.0
15857,10.0,0.0,0.0
15858,12.0,0.0,0.0
15859,13.0,0.0,0.0
15860,19.0,2.0,0.6437185954159441
15861,14.0,2.0,0.6682516928593936
15862,9.0,2.0,0.6289854753683197
15863,13.0,2.0,0.6553123233767697
15864,16.0,2.0,0.6818996710845341
15865,15.0,2.0,0.668379361422943
15866,13.0,2.0,0.6759547834102551
15867,14.0,2.0,0.6732285860320242
15868,14.0,3.0,0.8361970797352517
15869,15.0,3.0,0.8819602235424422
15870,10.0,1.0,0.24309145961278825
15871,13.0,1.0,0.24775492123330004
15872,14.0,2.0,0.7343391622433021
15873,10.0,2.0,0.7321917121222876
15874,10.0,2.0,0.7336558750197919
15875,11.0,2.0,0.7258841686465368
15876,10.0,2.0,0.7004101643020684
15877,9.0,2.0,0.6928443276202247
15878,15.0,1.0,0.4650116147619433
15879,11.0,2.0,1.1902759283582034
15880,13.0,2.0,1.2548107273205682
15881,17.0,2.0,1.258847245399505
15882,12.0,1.0,0.8399602732165229
15883,6.0,1.0,0.8397141321218443
15884,11.0,1.0,0.8566059818409667
15885,16.0,1.0,0.8583750997615712
15886,9.0,2.0,1.4378901188798816
15887,6.0,2.0,1.4388933807903102
15888,14.0,2.0,1.4650270516635058
15889,14.0,1.0,0.6513703771093935
15890,9.0,1.0,0.6395740294847775
15891,15.0,1.0,0.6309546113562742
15892,12.0,1.0,0.6413853936355048
15893,12.0,1.0,0.6086349881693582
15894,16.0,1.0,0.44783962307623054
15895,14.0,1.0,0.40719344765084586
15896,13.0,0.0,0.0
15897,4.0,0.0,0.0
15898,14.0,0.0,0.0
15899,13.0,0.0,0.0
15900,12.0,0.0,0.0
15901,11.0,0.0,0.0
15902,11.0,0.0,0.0
15903,7.0,0.0,0.0
15904,9.0,1.0,0.13072084967278497
15905,16.0,1.0,0.925948000857749
15906,10.0,1.0,1.009770967258874
15907,15.0,1.0,0.9580905808796026
15908,12.0,1.0,0.7828231511111388
15909,14.0,1.0,1.084141791935821
15910,11.0,2.0,1.264935771275753
15911,11.0,2.0,0.8031311663154842
15912,13.0,2.0,1.0690026957785788
15913,7.0,2.0,1.1630786853029946
15914,13.0,1.0,0.7537762584645264
15915,12.0,1.0,0.7910150802967061
15916,7.0,1.0,0.6545954574231527
15917,16.0,2.0,0.28318901171181965
15918,23.0,2.0,0.11954094520463404
15919,8.0,2.0,0.6768704288334852
15920,13.0,2.0,0.4706882812736027
15921,13.0,2.0,0.5142961750448766
15922,9.0,2.0,1.162085017766461
15923,10.0,2.0,0.9800216656977088
15924,13.0,2.0,0.6335716966000511
15925,10.0,2.0,0.434018136016784
15926,15.0,2.0,0.6345492357334144
15927,19.0,1.0,0.598115789992651
15928,14.0,1.0,0.8382640340577858
15929,18.0,2.0,0.7225471721096113
15930,14.0,1.0,0.16094247194620673
15931,13.0,1.0,0.12168344646125867
15932,12.0,1.0,0.2311698187124546
15933,9.0,1.0,0.22187769685634154
15934,10.0,1.0,0.17117609503143114
15935,11.0,2.0,0.5071731190947929
15936,14.0,2.0,0.5116746237208805
15937,16.0,2.0,0.5714968393580462
15938,11.0,2.0,0.4777265356093821
15939,12.0,1.0,0.33221601855706834
15940,15.0,1.0,0.3881293775278155
15941,18.0,1.0,0.32371215863486713
15942,17.0,1.0,0.2624450794234435
15943,11.0,1.0,0.234717399562529
15944,10.0,1.0,0.3022775141988003
15945,9.0,0.0,0.0
15946,12.0,1.0,0.4102392437467994
15947,10.0,1.0,0.26550537280704245
15948,14.0,1.0,0.15310463896023774
15949,8.0,1.0,0.47707345918677
15950,21.0,1.0,0.4519323777423926
15951,15.0,1.0,0.3909687660561804
15952,8.0,1.0,0.5201136654633058
15953,12.0,1.0,0.44894545738107067
15954,11.0,1.0,0.2646907175662528
15955,10.0,2.0,0.37684017391339486
15956,11.0,1.0,0.15337840023356183
15957,15.0,1.0,0.16436112135157768
15958,12.0,1.0,0.16705076061942656
15959,14.0,1.0,0.16843903152042763
15960,10.0,1.0,0.14771700543482197
15961,8.0,1.0,0.17120508942931115
15962,14.0,1.0,0.18625598180047465
15963,7.0,1.0,0.20330799934445007
15964,15.0,1.0,0.17260452983680816
15965,12.0,0.0,0.0
15966,7.0,0.0,0.0
15967,11.0,0.0,0.0
15968,20.0,0.0,0.0
15969,8.0,0.0,0.0
15970,22.0,0.0,0.0
15971,5.0,0.0,0.0
15972,7.0,0.0,0.0
15973,10.0,0.0,0.0
15974,7.0,0.0,0.0
15975,10.0,0.0,0.0
15976,13.0,0.0,0.0
15977,8.0,0.0,0.0
15978,11.0,0.0,0.0
15979,18.0,0.0,0.0
15980,12.0,0.0,0.0
15981,14.0,0.0,0.0
15982,10.0,0.0,0.0
15983,13.0,1.0,0.21721209403304603
15984,16.0,1.0,0.2553958536569308
15985,15.0,1.0,0.20833478705146682
15986,7.0,1.0,0.30659252433837886
15987,10.0,1.0,0.3874260700009618
15988,14.0,1.0,0.3451872312163319
15989,15.0,1.0,0.393582475563539
15990,11.0,1.0,0.35703149752918584
15991,13.0,1.0,0.42429784407159915
15992,10.0,1.0,0.2788410467825966
15993,11.0,0.0,0.0
15994,7.0,0.0,0.0
15995,13.0,0.0,0.0
15996,15.0,0.0,0.0
15997,15.0,0.0,0.0
15998,9.0,0.0,0.0
15999,10.0,0.0,0.0
16000,15.0,0.0,0.0
16001,17.0,0.0,0.0
16002,8.0,0.0,0.0
16003,19.0,0.0,0.0
16004,9.0,0.0,0.0
16005,12.0,0.0,0.0
16006,11.0,0.0,0.0
16007,12.0,0.0,0.0
16008,10.0,0.0,0.0
16009,13.0,0.0,0.0
16010,2.0,2.0,0.7213372540500398
16011,12.0,2.0,0.757582619029642
16012,11.0,2.0,0.7508894456664373
16013,12.0,2.0,0.744238872769152
16014,12.0,3.0,1.2968889989718941
16015,21.0,3.0,1.3501621323156872
16016,16.0,3.0,1.2923096457729164
16017,6.0,3.0,1.2059018045903256
16018,7.0,3.0,1.3780729231742974
16019,12.0,3.0,1.2143838778923226
16020,9.0,1.0,0.8574932343309277
16021,18.0,1.0,0.6634751230856992
16022,8.0,3.0,1.024435742349862
16023,9.0,3.0,0.6492014797939183
16024,12.0,2.0,0.47973053892112427
16025,13.0,2.0,0.6759945508263633
16026,5.0,2.0,0.8612709460663933
16027,15.0,2.0,0.6613093866116634
16028,8.0,3.0,0.7616497670205914
16029,22.0,3.0,0.6124273781224037
16030,7.0,4.0,0.9647206168798168
16031,13.0,4.0,1.1258274200444747
16032,15.0,2.0,0.7027550536697748
16033,9.0,2.0,0.6307714447660463
16034,12.0,2.0,0.7925706827872181
16035,10.0,2.0,0.7166162907401763
16036,16.0,2.0,0.7575123862877124
16037,15.0,2.0,0.7363751871704973
16038,11.0,1.0,0.5278372224527921
16039,16.0,2.0,0.9270962328448479
16040,9.0,2.0,0.37377830649733457
16041,12.0,2.0,0.4256330230474665
16042,11.0,2.0,0.5372155449595205
16043,19.0,2.0,0.527320374156465
16044,8.0,2.0,0.5643193040690313
16045,10.0,3.0,0.44707538114423084
16046,19.0,3.0,0.5258557747095435
16047,16.0,3.0,0.7400682154757736
16048,7.0,3.0,0.4445203594466921
16049,14.0,3.0,0.6244375627601257
16050,8.0,2.0,0.5535128510055732
16051,15.0,2.0,0.5183667573054899
16052,14.0,2.0,0.6174215727269279
16053,7.0,2.0,0.5251343497896285
16054,13.0,2.0,0.3607565556951281
16055,16.0,1.0,0.1266166425811686
16056,11.0,1.0,0.14111938980389316
16057,10.0,1.0,0.18147680657951126
16058,7.0,1.0,0.2017321788124138
16059,10.0,0.0,0.0
16060,12.0,0.0,0.0
16061,13.0,0.0,0.0
16062,7.0,0.0,0.0
16063,13.0,1.0,0.6456432959707371
16064,13.0,1.0,0.7276450321113505
16065,14.0,1.0,0.7336022352690991
16066,9.0,1.0,0.692083617257561
16067,8.0,1.0,0.6652843487073284
16068,12.0,1.0,0.6237261113389357
16069,8.0,1.0,0.4142621532829739
16070,11.0,1.0,0.4569735199130509
16071,11.0,1.0,0.4799145849402914
16072,18.0,1.0,0.5525424713955459
16073,11.0,0.0,0.0
16074,15.0,0.0,0.0
16075,8.0,0.0,0.0
16076,11.0,0.0,0.0
16077,14.0,1.0,0.4166455367224198
16078,7.0,1.0,0.6420449475819449
16079,9.0,1.0,0.6880257918633691
16080,8.0,1.0,0.7763310843873285
16081,6.0,1.0,0.6998904987549761
16082,11.0,1.0,0.6176792105334026
16083,15.0,2.0,1.0790009476637201
16084,10.0,2.0,0.965421814191152
16085,15.0,3.0,0.6948795438536511
16086,10.0,3.0,1.0321726529374349
16087,12.0,2.0,0.6048964160137605
16088,11.0,2.0,0.617139949365844
16089,10.0,2.0,0.7942959100103242
16090,12.0,2.0,0.7415981927012604
16091,11.0,2.0,0.6785685204988707
16092,9.0,2.0,0.6111609290552893
16093,10.0,2.0,0.4202178631003566
16094,8.0,2.0,0.6293405323732987
16095,21.0,1.0,0.30968545780727813
16096,19.0,1.0,0.34391479982714024
16097,14.0,1.0,0.37420339436033573
16098,17.0,1.0,0.3374906341698994
16099,13.0,1.0,0.3008116358591813
16100,10.0,1.0,0.23528717643405458
16101,19.0,1.0,0.21073897896284077
16102,7.0,1.0,0.1317795308088667
16103,11.0,0.0,0.0
16104,7.0,0.0,0.0
16105,13.0,0.0,0.0
16106,17.0,0.0,0.0
16107,16.0,0.0,0.0
16108,6.0,0.0,0.0
16109,8.0,0.0,0.0
16110,11.0,0.0,0.0
16111,12.0,0.0,0.0
16112,13.0,0.0,0.0
16113,15.0,1.0,0.3846921044502024
16114,13.0,1.0,0.5826119022145974
16115,16.0,1.0,0.6170267861193239
16116,9.0,1.0,0.29228702297677295
16117,10.0,1.0,0.2198538270818952
16118,18.0,1.0,0.17208552017667353
16119,8.0,1.0,0.6246073421809183
16120,7.0,1.0,0.5926810409700642
16121,9.0,1.0,0.604930462228586
16122,14.0,1.0,0.6246481830308424
16123,16.0,0.0,0.0
16124,13.0,0.0,0.0
16125,11.0,0.0,0.0
16126,7.0,0.0,0.0
16127,7.0,0.0,0.0
16128,10.0,0.0,0.0
16129,9.0,1.0,0.19278978181561157
16130,13.0,1.0,0.16708262888609862
16131,13.0,1.0,0.22792314127909824
16132,9.0,1.0,0.27771994410468936
16133,19.0,1.0,0.32223677247940713
16134,14.0,1.0,0.3378295490810972
16135,8.0,1.0,0.30569391565680964
16136,12.0,1.0,0.2772505672108933
16137,8.0,1.0,0.3084647992024303
16138,11.0,1.0,0.31307854869030793
16139,10.0,0.0,0.0
16140,15.0,0.0,0.0
16141,19.0,0.0,0.0
16142,12.0,0.0,0.0
16143,8.0,0.0,0.0
16144,11.0,0.0,0.0
16145,10.0,0.0,0.0
16146,15.0,0.0,0.0
16147,10.0,0.0,0.0
16148,9.0,0.0,0.0
16149,7.0,0.0,0.0
16150,12.0,0.0,0.0
16151,5.0,0.0,0.0
16152,10.0,0.0,0.0
16153,10.0,0.0,0.0
16154,14.0,0.0,0.0
16155,14.0,0.0,0.0
16156,11.0,0.0,0.0
16157,13.0,0.0,0.0
16158,11.0,0.0,0.0
16159,9.0,0.0,0.0
16160,10.0,0.0,0.0
16161,14.0,0.0,0.0
16162,16.0,0.0,0.0
16163,8.0,0.0,0.0
16164,13.0,1.0,0.8019708768219257
16165,17.0,1.0,0.8686257097143388
16166,8.0,1.0,0.6719898146659744
16167,9.0,1.0,0.8418072341416132
16168,10.0,1.0,0.9441148435264213
16169,16.0,1.0,1.0926707695735234
16170,13.0,1.0,1.1465115001720811
16171,16.0,1.0,1.0834347137368798
16172,8.0,1.0,1.035298816136074
16173,12.0,1.0,0.584963048725552
16174,15.0,0.0,0.0
16175,11.0,0.0,0.0
16176,13.0,0.0,0.0
16177,14.0,0.0,0.0
16178,17.0,0.0,0.0
16179,15.0,0.0,0.0
16180,13.0,0.0,0.0
16181,12.0,0.0,0.0
16182,18.0,0.0,0.0
16183,10.0,0.0,0.0
16184,7.0,0.0,0.0
16185,9.0,0.0,0.0
16186,9.0,0.0,0.0
16187,10.0,0.0,0.0
16188,14.0,0.0,0.0
16189,9.0,0.0,0.0
16190,12.0,0.0,0.0
16191,11.0,0.0,0.0
16192,9.0,0.0,0.0
16193,15.0,0.0,0.0
16194,17.0,0.0,0.0
16195,12.0,0.0,0.0
16196,11.0,0.0,0.0
16197,11.0,0.0,0.0
16198,13.0,0.0,0.0
16199,11.0,0.0,0.0
16200,9.0,0.0,0.0
16201,10.0,0.0,0.0
16202,10.0,1.0,0.3133060324971356
16203,14.0,1.0,0.32899440051716683
16204,9.0,1.0,0.32380764949006124
16205,10.0,1.0,0.30865103546696643
16206,13.0,1.0,0.2993214392247414
16207,12.0,1.0,0.34173258374082316
16208,7.0,1.0,0.32070232287774697
16209,5.0,1.0,0.324410377410191
16210,12.0,1.0,0.2835926564930773
16211,11.0,1.0,0.3399828286511589
16212,11.0,0.0,0.0
16213,9.0,0.0,0.0
16214,12.0,0.0,0.0
16215,12.0,1.0,0.8391426739164896
16216,12.0,1.0,0.7820736388360774
16217,11.0,1.0,0.8873901997470518
16218,4.0,1.0,0.685362485627575
16219,11.0,1.0,0.6459083514526223
16220,16.0,1.0,0.6827800508181805
16221,15.0,1.0,0.9060730066297283
16222,9.0,1.0,1.1154934528765992
16223,9.0,1.0,1.1260145924546066
16224,6.0,1.0,0.2844534718052141
16225,12.0,0.0,0.0
16226,12.0,0.0,0.0
16227,8.0,0.0,0.0
16228,16.0,0.0,0.0
16229,12.0,0.0,0.0
16230,14.0,0.0,0.0
16231,16.0,0.0,0.0
16232,11.0,0.0,0.0
16233,9.0,0.0,0.0
16234,11.0,0.0,0.0
16235,7.0,0.0,0.0
16236,8.0,0.0,0.0
16237,14.0,0.0,0.0
16238,14.0,0.0,0.0
16239,16.0,0.0,0.0
16240,9.0,0.0,0.0
16241,14.0,0.0,0.0
16242,19.0,0.0,0.0
16243,9.0,1.0,0.005218792320145584
16244,12.0,1.0,0.09288390421420467
16245,10.0,1.0,0.12691796885207568
16246,16.0,1.0,0.14031838224757726
16247,14.0,1.0,0.18659238898997374
16248,17.0,1.0,0.23265268768813105
16249,15.0,1.0,0.19329518392461736
16250,9.0,1.0,0.1769513607994561
16251,10.0,1.0,0.11359015496395446
16252,9.0,1.0,0.005145466402552774
16253,11.0,0.0,0.0
16254,15.0,0.0,0.0
16255,12.0,0.0,0.0
16256,16.0,0.0,0.0
16257,8.0,0.0,0.0
16258,7.0,0.0,0.0
16259,25.0,0.0,0.0
16260,13.0,1.0,0.39713838127619566
16261,13.0,1.0,0.1437049470223204
16262,10.0,1.0,0.3401317484922414
16263,8.0,1.0,0.4413145035739091
16264,12.0,1.0,0.4489880840178228
16265,13.0,1.0,0.42158711286870815
16266,9.0,1.0,0.4424173402428471
16267,11.0,1.0,0.3495464515173981
16268,11.0,1.0,0.5190743471713402
16269,11.0,1.0,0.278280998303516
16270,10.0,0.0,0.0
16271,14.0,0.0,0.0
16272,13.0,0.0,0.0
16273,11.0,0.0,0.0
16274,12.0,0.0,0.0
16275,15.0,0.0,0.0
16276,14.0,0.0,0.0
16277,11.0,0.0,0.0
16278,15.0,0.0,0.0
16279,16.0,0.0,0.0
16280,11.0,0.0,0.0
16281,13.0,1.0,0.3575981146171741
16282,11.0,1.0,0.36414268252268506
16283,14.0,1.0,0.3748907353571944
16284,12.0,2.0,0.5918531788370547
16285,8.0,2.0,0.6276066778889655
16286,15.0,2.0,0.5431818806565921
16287,10.0,2.0,0.4567893646400948
16288,13.0,2.0,0.4792347760104894
16289,17.0,3.0,0.4843441796339563
16290,11.0,3.0,1.1119920791465856
16291,12.0,2.0,0.7445243660850007
16292,11.0,2.0,0.7239655637121462
16293,12.0,2.0,0.6921331789714575
16294,15.0,1.0,0.6370130038981315
16295,10.0,1.0,0.0326941576340558
16296,18.0,1.0,0.21616233296123177
16297,7.0,1.0,0.5041805752460564
16298,9.0,1.0,0.4079617109235118
16299,12.0,0.0,0.0
16300,9.0,0.0,0.0
16301,17.0,0.0,0.0
16302,12.0,0.0,0.0
16303,9.0,0.0,0.0
16304,9.0,1.0,0.3989839245696789
16305,12.0,1.0,0.3793095978353256
16306,11.0,1.0,0.43731480680975154
16307,10.0,1.0,0.5111659586623105
16308,10.0,1.0,0.42208171696492125
16309,14.0,1.0,0.3804902689918293
16310,16.0,1.0,0.29084845681451515
16311,15.0,1.0,0.37906441681622294
16312,13.0,1.0,0.40591727110720854
16313,11.0,1.0,0.4300187357672312
16314,9.0,1.0,0.32190898899756637
16315,8.0,1.0,0.38959950652388364
16316,15.0,1.0,0.3948897062552664
16317,9.0,1.0,0.2682951372366573
16318,11.0,1.0,0.34223755801705064
16319,18.0,1.0,0.22261686266923617
16320,12.0,1.0,0.4965403650968857
16321,10.0,2.0,0.900479767642316
16322,19.0,2.0,0.6063071791007559
16323,12.0,2.0,0.5221612502564574
16324,13.0,2.0,0.9602453533771682
16325,10.0,2.0,0.7492262657399348
16326,13.0,2.0,0.7374619738172894
16327,11.0,2.0,0.9890062495619704
16328,19.0,2.0,0.9751081684568774
16329,11.0,2.0,0.8399170025506246
16330,12.0,2.0,0.7848895055714684
16331,8.0,1.0,0.34712613620387756
16332,9.0,1.0,0.40363133154852054
16333,12.0,1.0,0.37352519113343197
16334,11.0,0.0,0.0
16335,7.0,0.0,0.0
16336,12.0,0.0,0.0
16337,11.0,0.0,0.0
16338,9.0,0.0,0.0
16339,11.0,0.0,0.0
16340,8.0,0.0,0.0
16341,8.0,0.0,0.0
16342,12.0,1.0,0.2215007616885238
16343,12.0,1.0,0.35133847345563135
16344,16.0,1.0,0.2775188766410032
16345,21.0,1.0,0.33428625227444275
16346,19.0,1.0,0.3430687561801145
16347,13.0,2.0,0.666290214521506
16348,16.0,2.0,0.5975010873773519
16349,8.0,2.0,0.5112276984008437
16350,9.0,2.0,0.48361508572533907
16351,17.0,2.0,0.45283013982420367
16352,10.0,1.0,0.16764115195449372
16353,11.0,1.0,0.11018484224340125
16354,18.0,1.0,0.11879822226881812
16355,15.0,1.0,0.15259980308796448
16356,7.0,2.0,0.4018436382042485
16357,10.0,1.0,0.36871551010443593
16358,12.0,1.0,0.318822968209724
16359,10.0,2.0,0.40662730372342076
16360,14.0,2.0,0.12899170613716643
16361,16.0,2.0,0.4284986614114175
16362,11.0,2.0,0.5436567709587191
16363,14.0,2.0,0.6408119639397363
16364,12.0,2.0,0.5457092010771951
16365,9.0,2.0,0.5177976744275214
16366,12.0,1.0,0.17776294600666329
16367,20.0,1.0,0.2080858775855699
16368,17.0,1.0,0.1023100882170658
16369,9.0,0.0,0.0
16370,12.0,0.0,0.0
16371,16.0,0.0,0.0
16372,10.0,0.0,0.0
16373,13.0,0.0,0.0
16374,10.0,0.0,0.0
16375,14.0,0.0,0.0
16376,7.0,0.0,0.0
16377,17.0,0.0,0.0
16378,14.0,0.0,0.0
16379,14.0,0.0,0.0
16380,14.0,0.0,0.0
16381,12.0,0.0,0.0
16382,11.0,1.0,0.13232887957983197
16383,13.0,1.0,0.26947677782228646
16384,10.0,1.0,0.40970768471530467
16385,15.0,1.0,0.3259419981592077
16386,21.0,1.0,0.3553277068361899
16387,16.0,1.0,0.4003127573055819
16388,13.0,1.0,0.46404154865717506
16389,10.0,1.0,0.4024636838257254
16390,11.0,1.0,0.30961123591669554
16391,18.0,1.0,0.30551787296667604
16392,12.0,0.0,0.0
16393,7.0,0.0,0.0
16394,8.0,0.0,0.0
16395,11.0,1.0,0.3630601757075538
16396,7.0,1.0,0.4972987256051411
16397,12.0,1.0,0.6285110445447643
16398,15.0,2.0,0.47258698278580624
16399,9.0,2.0,0.786810291212269
16400,16.0,2.0,0.9030204385632172
16401,6.0,2.0,1.2001486896371554
16402,13.0,2.0,0.9285973146932731
16403,16.0,2.0,1.0288062814223686
16404,3.0,2.0,1.0341476433232928
16405,9.0,1.0,0.345584017759331
16406,9.0,1.0,0.3253895245181986
16407,7.0,1.0,0.19464199699202533
16408,15.0,0.0,0.0
16409,10.0,0.0,0.0
16410,12.0,0.0,0.0
16411,12.0,0.0,0.0
16412,14.0,0.0,0.0
16413,13.0,0.0,0.0
16414,12.0,0.0,0.0
16415,17.0,0.0,0.0
16416,12.0,0.0,0.0
16417,8.0,0.0,0.0
16418,6.0,0.0,0.0
16419,14.0,0.0,0.0
16420,10.0,1.0,0.3229992004031322
16421,12.0,1.0,0.5532411671132682
16422,16.0,1.0,0.6202679793519383
16423,9.0,1.0,0.6281067108549507
16424,6.0,1.0,0.628104841930909
16425,10.0,1.0,0.6001747191230027
16426,9.0,1.0,0.08129904594754041
16427,14.0,1.0,0.4425534335849908
16428,9.0,1.0,0.3800815102545842
16429,17.0,1.0,0.3410155258601036
16430,15.0,0.0,0.0
16431,12.0,0.0,0.0
16432,12.0,0.0,0.0
16433,9.0,0.0,0.0
16434,8.0,0.0,0.0
16435,13.0,0.0,0.0
16436,9.0,0.0,0.0
16437,10.0,0.0,0.0
16438,10.0,0.0,0.0
16439,15.0,0.0,0.0
16440,6.0,0.0,0.0
16441,13.0,0.0,0.0
16442,9.0,0.0,0.0
16443,12.0,1.0,0.47407734421796144
16444,12.0,1.0,0.8822747700418725
16445,12.0,1.0,0.7973214189897837
16446,13.0,1.0,0.9113275756078243
16447,14.0,1.0,0.776086060061512
16448,9.0,2.0,1.4150679681550478
16449,14.0,2.0,1.6791117410379526
16450,9.0,2.0,1.6394817416131484
16451,8.0,2.0,1.6221332502970733
16452,7.0,2.0,1.3499827808448472
16453,5.0,1.0,0.9024600627578964
16454,13.0,1.0,0.8449452376378024
16455,13.0,1.0,0.8367330445527102
16456,13.0,1.0,0.4934646001575659
16457,11.0,1.0,0.0803148384939093
16458,8.0,0.0,0.0
16459,15.0,0.0,0.0
16460,13.0,0.0,0.0
16461,10.0,0.0,0.0
16462,17.0,0.0,0.0
16463,20.0,0.0,0.0
16464,7.0,0.0,0.0
16465,16.0,0.0,0.0
16466,10.0,0.0,0.0
16467,9.0,1.0,0.5204400764433769
16468,8.0,1.0,0.7667444587092799
16469,9.0,1.0,0.6854695316029019
16470,10.0,1.0,0.6635216173119912
16471,15.0,1.0,0.5920228718877456
16472,18.0,1.0,0.6291146444741735
16473,16.0,1.0,0.7249440428899595
16474,11.0,1.0,0.7895482947197285
16475,9.0,1.0,0.8741582342276131
16476,9.0,1.0,0.732120280133796
16477,7.0,0.0,0.0
16478,16.0,0.0,0.0
16479,9.0,0.0,0.0
16480,8.0,0.0,0.0
16481,16.0,0.0,0.0
16482,10.0,0.0,0.0
16483,15.0,0.0,0.0
16484,7.0,0.0,0.0
16485,13.0,0.0,0.0
16486,10.0,0.0,0.0
16487,16.0,0.0,0.0
16488,15.0,0.0,0.0
16489,13.0,0.0,0.0
16490,18.0,0.0,0.0
16491,12.0,0.0,0.0
16492,10.0,0.0,0.0
16493,7.0,3.0,2.155854306747913
16494,8.0,3.0,2.2254483111776753
16495,8.0,3.0,2.38051663214622
16496,18.0,3.0,2.3807417164666393
16497,12.0,3.0,2.3283127894194107
16498,8.0,3.0,2.078498760526003
16499,13.0,4.0,2.573938606517702
16500,16.0,4.0,2.681612989526748
16501,13.0,4.0,2.6067434684130886
16502,11.0,4.0,2.2908350012255942
16503,11.0,1.0,0.871890311499318
16504,18.0,1.0,0.8388839192329232
16505,16.0,1.0,0.7915283168237962
16506,14.0,1.0,0.7271658394486922
16507,10.0,1.0,0.7781485644332407
16508,18.0,1.0,0.6816369533462552
16509,12.0,0.0,0.0
16510,11.0,0.0,0.0
16511,11.0,0.0,0.0
16512,8.0,0.0,0.0
16513,19.0,0.0,0.0
16514,10.0,0.0,0.0
16515,12.0,0.0,0.0
16516,13.0,1.0,0.4376992177767291
16517,11.0,1.0,0.43386167819808696
16518,17.0,1.0,0.42072831006188405
16519,15.0,2.0,0.6406803763652957
16520,15.0,2.0,0.629807871077829
16521,11.0,2.0,0.4640914613660614
16522,10.0,3.0,0.7036974076932865
16523,13.0,4.0,0.80907587622209
16524,13.0,4.0,0.8124543420827669
16525,14.0,4.0,1.0580053727485732
16526,12.0,3.0,0.8131218633568327
16527,8.0,3.0,1.0137302439325655
16528,14.0,4.0,1.0859853962248143
16529,7.0,3.0,1.0599419094454237
16530,11.0,3.0,1.4946455826384284
16531,12.0,3.0,1.443291226260845
16532,15.0,3.0,0.41127063596209135
16533,12.0,2.0,1.2104440092661313
16534,8.0,2.0,1.486756311243008
16535,6.0,2.0,1.2703530240317726
16536,12.0,2.0,1.0809666432350902
16537,6.0,2.0,1.3440184211664012
16538,14.0,1.0,0.8272297703548951
16539,7.0,1.0,0.8310866165569311
16540,10.0,1.0,0.8792074064729041
16541,8.0,1.0,0.7113305695342728
16542,9.0,0.0,0.0
16543,6.0,0.0,0.0
16544,14.0,0.0,0.0
16545,6.0,0.0,0.0
16546,6.0,0.0,0.0
16547,19.0,0.0,0.0
16548,15.0,0.0,0.0
16549,10.0,0.0,0.0
16550,14.0,0.0,0.0
16551,12.0,0.0,0.0
16552,16.0,0.0,0.0
16553,12.0,0.0,0.0
16554,13.0,0.0,0.0
16555,13.0,0.0,0.0
16556,15.0,0.0,0.0
16557,8.0,0.0,0.0
16558,12.0,1.0,0.22790904694000974
16559,13.0,1.0,0.3542800833918923
16560,9.0,1.0,0.41840190202499267
16561,11.0,1.0,0.4226806845199004
16562,17.0,1.0,0.4024179421091137
16563,15.0,1.0,0.2560090012913783
16564,14.0,1.0,0.24798862711927844
16565,11.0,1.0,0.3908956012716974
16566,7.0,1.0,0.45052861114450155
16567,13.0,1.0,0.3914133932878326
16568,19.0,0.0,0.0
16569,17.0,0.0,0.0
16570,16.0,0.0,0.0
16571,6.0,0.0,0.0
16572,10.0,0.0,0.0
16573,10.0,0.0,0.0
16574,12.0,0.0,0.0
16575,13.0,0.0,0.0
16576,8.0,0.0,0.0
16577,9.0,0.0,0.0
16578,7.0,0.0,0.0
16579,8.0,0.0,0.0
16580,15.0,0.0,0.0
16581,11.0,0.0,0.0
16582,13.0,0.0,0.0
16583,7.0,0.0,0.0
16584,15.0,0.0,0.0
16585,10.0,0.0,0.0
16586,8.0,2.0,1.4526509109342345
16587,17.0,2.0,1.5920283103018151
16588,12.0,2.0,1.2313810815445458
16589,14.0,2.0,1.5223804050167784
16590,10.0,2.0,1.6706551274688637
16591,13.0,2.0,1.4305073447657852
16592,16.0,2.0,0.9829630968558258
16593,12.0,2.0,0.4553233110651619
16594,13.0,2.0,0.551284810585592
16595,9.0,2.0,0.17229644574688735
16596,16.0,0.0,0.0
16597,10.0,0.0,0.0
16598,9.0,0.0,0.0
16599,12.0,0.0,0.0
16600,18.0,0.0,0.0
16601,14.0,0.0,0.0
16602,11.0,0.0,0.0
16603,8.0,0.0,0.0
16604,11.0,0.0,0.0
16605,17.0,0.0,0.0
16606,16.0,0.0,0.0
16607,15.0,0.0,0.0
16608,15.0,0.0,0.0
16609,8.0,0.0,0.0
16610,7.0,0.0,0.0
16611,9.0,0.0,0.0
16612,15.0,0.0,0.0
16613,11.0,2.0,0.9838635512585804
16614,14.0,2.0,0.6215187225901865
16615,11.0,2.0,0.8823260889481761
16616,14.0,2.0,1.2390348669732802
16617,4.0,2.0,0.938349564689754
16618,13.0,2.0,1.1777105986639245
16619,8.0,2.0,1.2151100698548012
16620,18.0,2.0,1.0107345240632972
16621,9.0,2.0,0.2150446032430305
16622,9.0,2.0,0.2153234851450978
16623,10.0,0.0,0.0
16624,11.0,0.0,0.0
16625,7.0,0.0,0.0
16626,22.0,0.0,0.0
16627,11.0,0.0,0.0
16628,19.0,0.0,0.0
16629,13.0,0.0,0.0
16630,10.0,0.0,0.0
16631,11.0,0.0,0.0
16632,6.0,0.0,0.0
16633,6.0,0.0,0.0
16634,11.0,0.0,0.0
16635,12.0,0.0,0.0
16636,10.0,0.0,0.0
16637,8.0,0.0,0.0
16638,11.0,0.0,0.0
16639,14.0,0.0,0.0
16640,16.0,0.0,0.0
16641,16.0,0.0,0.0
16642,12.0,0.0,0.0
16643,14.0,0.0,0.0
16644,14.0,0.0,0.0
16645,9.0,0.0,0.0
16646,18.0,0.0,0.0
16647,14.0,0.0,0.0
16648,15.0,0.0,0.0
16649,8.0,0.0,0.0
16650,14.0,0.0,0.0
16651,9.0,0.0,0.0
16652,19.0,0.0,0.0
16653,12.0,0.0,0.0
16654,9.0,0.0,0.0
16655,12.0,0.0,0.0
16656,10.0,0.0,0.0
16657,9.0,0.0,0.0
16658,9.0,0.0,0.0
16659,12.0,0.0,0.0
16660,10.0,0.0,0.0
16661,17.0,0.0,0.0
16662,15.0,0.0,0.0
16663,10.0,0.0,0.0
16664,8.0,0.0,0.0
16665,8.0,0.0,0.0
16666,13.0,0.0,0.0
16667,10.0,0.0,0.0
16668,9.0,0.0,0.0
16669,10.0,0.0,0.0
16670,8.0,0.0,0.0
16671,9.0,1.0,0.45141569107546337
16672,12.0,1.0,0.5569487107348433
16673,5.0,1.0,0.6451074951525717
16674,10.0,1.0,0.47981592323842975
16675,8.0,1.0,0.27160544608543835
16676,11.0,1.0,0.5503664882784679
16677,4.0,1.0,0.8534775782738159
16678,8.0,1.0,0.9090394524095056
16679,14.0,1.0,0.8412526974257158
16680,8.0,1.0,0.8685808630520699
16681,7.0,0.0,0.0
16682,9.0,0.0,0.0
16683,12.0,0.0,0.0
16684,13.0,0.0,0.0
16685,12.0,0.0,0.0
16686,8.0,0.0,0.0
16687,12.0,0.0,0.0
16688,6.0,0.0,0.0
16689,7.0,0.0,0.0
16690,21.0,0.0,0.0
16691,8.0,0.0,0.0
16692,2.0,0.0,0.0
16693,17.0,0.0,0.0
16694,16.0,0.0,0.0
16695,23.0,0.0,0.0
16696,22.0,0.0,0.0
16697,5.0,0.0,0.0
16698,13.0,0.0,0.0
16699,19.0,0.0,0.0
16700,15.0,0.0,0.0
16701,13.0,0.0,0.0
16702,12.0,0.0,0.0
16703,12.0,0.0,0.0
16704,8.0,0.0,0.0
16705,13.0,1.0,0.5959889166766097
16706,13.0,1.0,0.23032887313788258
16707,20.0,1.0,0.5908880746902075
16708,9.0,1.0,0.15918785291820212
16709,15.0,1.0,0.24389948344147158
16710,16.0,1.0,0.6013851932527369
16711,18.0,1.0,0.04534879854873336
16712,9.0,1.0,0.13170977812465584
16713,14.0,1.0,0.6192066973504903
16714,10.0,1.0,0.5596690103369703
16715,9.0,0.0,0.0
16716,10.0,0.0,0.0
16717,11.0,0.0,0.0
16718,21.0,0.0,0.0
16719,11.0,0.0,0.0
16720,11.0,0.0,0.0
16721,11.0,0.0,0.0
16722,11.0,0.0,0.0
16723,14.0,0.0,0.0
16724,8.0,0.0,0.0
16725,15.0,0.0,0.0
16726,14.0,0.0,0.0
16727,8.0,0.0,0.0
16728,15.0,1.0,0.133602664019803
16729,14.0,1.0,0.16821362979834026
16730,13.0,1.0,0.18621057054945797
16731,13.0,2.0,0.48071107022653115
16732,15.0,2.0,0.6290610170156892
16733,11.0,2.0,0.7020887368272578
16734,10.0,3.0,1.0825751977293336
16735,9.0,4.0,1.7240824039273739
16736,10.0,4.0,1.6172402069515261
16737,10.0,4.0,1.3336456132290813
16738,10.0,3.0,1.3696914174646004
16739,7.0,3.0,1.7467872181246449
16740,12.0,4.0,1.7610410724541636
16741,12.0,3.0,0.853266957556595
16742,14.0,3.0,0.5824722411346854
16743,7.0,3.0,0.989554971117992
16744,12.0,2.0,0.6250112714599997
16745,8.0,1.0,0.29377434453391116
16746,11.0,1.0,0.271101358220406
16747,17.0,1.0,0.2877024076525359
16748,15.0,1.0,0.22660638764572008
16749,11.0,1.0,0.10210717077684625
16750,9.0,1.0,0.07521706740569417
16751,10.0,1.0,0.19623783762832528
16752,16.0,1.0,0.28835867934856824
16753,10.0,1.0,0.21514342509143755
16754,13.0,1.0,0.2540499392587676
16755,6.0,1.0,0.20094111619202623
16756,9.0,1.0,0.26160939541070327
16757,10.0,1.0,0.1981855547955415
16758,12.0,1.0,0.13489774863900286
16759,11.0,1.0,0.025980815107984986
16760,12.0,0.0,0.0
16761,13.0,0.0,0.0
16762,9.0,0.0,0.0
16763,16.0,0.0,0.0
16764,10.0,0.0,0.0
16765,12.0,0.0,0.0
16766,14.0,0.0,0.0
16767,8.0,0.0,0.0
16768,9.0,0.0,0.0
16769,9.0,0.0,0.0
16770,10.0,0.0,0.0
16771,13.0,0.0,0.0
16772,10.0,0.0,0.0
16773,7.0,0.0,0.0
16774,8.0,0.0,0.0
16775,13.0,0.0,0.0
16776,13.0,0.0,0.0
16777,8.0,0.0,0.0
16778,13.0,0.0,0.0
16779,7.0,0.0,0.0
16780,16.0,0.0,0.0
16781,12.0,0.0,0.0
16782,11.0,0.0,0.0
16783,11.0,1.0,0.04869049198521203
16784,11.0,1.0,0.09367036798037148
16785,10.0,1.0,0.07274668587688182
16786,12.0,1.0,0.08904961305615931
16787,13.0,1.0,0.10236098775569773
16788,13.0,1.0,0.09859827199162746
16789,13.0,1.0,0.0996742001031921
16790,10.0,1.0,0.11088454175586787
16791,8.0,1.0,0.07457235037069512
16792,15.0,1.0,0.06735502364993394
16793,11.0,0.0,0.0
16794,20.0,0.0,0.0
16795,8.0,0.0,0.0
16796,12.0,0.0,0.0
16797,13.0,0.0,0.0
16798,16.0,0.0,0.0
16799,10.0,0.0,0.0
16800,11.0,0.0,0.0
16801,12.0,0.0,0.0
16802,15.0,0.0,0.0
16803,8.0,0.0,0.0
16804,8.0,0.0,0.0
16805,16.0,1.0,0.6041728715386994
16806,8.0,1.0,0.4704650729034442
16807,15.0,1.0,0.6236458458665387
16808,9.0,1.0,0.6229769530336114
16809,16.0,1.0,0.6197269712602759
16810,10.0,1.0,0.6441822354669148
16811,16.0,1.0,0.25883862249038075
16812,13.0,1.0,0.6451018301773415
16813,11.0,1.0,0.13990721775836862
16814,15.0,1.0,0.36823161129559534
16815,11.0,0.0,0.0
16816,12.0,0.0,0.0
16817,10.0,0.0,0.0
16818,9.0,0.0,0.0
16819,18.0,0.0,0.0
16820,12.0,0.0,0.0
16821,9.0,0.0,0.0
16822,17.0,0.0,0.0
16823,12.0,0.0,0.0
16824,15.0,0.0,0.0
16825,10.0,0.0,0.0
16826,13.0,0.0,0.0
16827,13.0,0.0,0.0
16828,4.0,0.0,0.0
16829,10.0,0.0,0.0
16830,10.0,0.0,0.0
16831,12.0,0.0,0.0
16832,17.0,0.0,0.0
16833,10.0,0.0,0.0
16834,19.0,0.0,0.0
16835,13.0,0.0,0.0
16836,12.0,0.0,0.0
16837,9.0,0.0,0.0
16838,21.0,0.0,0.0
16839,7.0,0.0,0.0
16840,17.0,0.0,0.0
16841,12.0,0.0,0.0
16842,12.0,0.0,0.0
16843,10.0,0.0,0.0
16844,11.0,0.0,0.0
16845,14.0,0.0,0.0
16846,19.0,0.0,0.0
16847,10.0,0.0,0.0
16848,13.0,0.0,0.0
16849,14.0,0.0,0.0
16850,20.0,0.0,0.0
16851,20.0,0.0,0.0
16852,10.0,0.0,0.0
16853,13.0,0.0,0.0
16854,15.0,0.0,0.0
16855,9.0,0.0,0.0
16856,10.0,0.0,0.0
16857,14.0,0.0,0.0
16858,13.0,0.0,0.0
16859,10.0,0.0,0.0
16860,8.0,0.0,0.0
16861,11.0,0.0,0.0
16862,10.0,1.0,0.9305790436909548
16863,12.0,1.0,0.5717977371984247
16864,11.0,1.0,0.4071788497712306
16865,14.0,1.0,0.4918163024130705
16866,14.0,1.0,0.4242222481890806
16867,10.0,1.0,0.8409407983887887
16868,9.0,1.0,0.4027943066427087
16869,7.0,1.0,0.3948856020490767
16870,17.0,1.0,0.07142814851335395
16871,13.0,1.0,0.4123167901719823
16872,9.0,0.0,0.0
16873,9.0,0.0,0.0
16874,14.0,1.0,0.1881524147656438
16875,15.0,2.0,0.8453400343504565
16876,7.0,4.0,1.4595763032491829
16877,12.0,4.0,1.9352373679646742
16878,13.0,4.0,2.0784088120134188
16879,13.0,4.0,1.9006018179692679
16880,14.0,4.0,1.9088822056641617
16881,12.0,4.0,1.968273382729012
16882,8.0,4.0,2.028888521181034
16883,14.0,4.0,1.8983100489234213
16884,10.0,3.0,0.8739404331334573
16885,14.0,2.0,1.007169812331162
16886,13.0,0.0,0.0
16887,9.0,0.0,0.0
16888,16.0,0.0,0.0
16889,16.0,0.0,0.0
16890,14.0,0.0,0.0
16891,13.0,0.0,0.0
16892,6.0,0.0,0.0
16893,12.0,0.0,0.0
16894,9.0,0.0,0.0
16895,12.0,1.0,0.9912842526942413
16896,10.0,1.0,1.169343418869457
16897,6.0,1.0,0.5514248293113793
16898,18.0,1.0,0.8817610753415498
16899,11.0,1.0,0.9329067042787674
16900,23.0,1.0,1.1707165717716248
16901,9.0,1.0,1.158312737584879
16902,10.0,1.0,0.7557368107547691
16903,7.0,1.0,0.17973238682342604
16904,21.0,1.0,0.016927164235211047
16905,16.0,1.0,0.5477084156783286
16906,12.0,1.0,0.6320672483186507
16907,20.0,1.0,0.6908836310664871
16908,17.0,1.0,0.7333299969397538
16909,20.0,1.0,0.8218121082185378
16910,11.0,1.0,0.5416252813190588
16911,21.0,1.0,0.3007949307720304
16912,5.0,2.0,0.37488490315544354
16913,16.0,2.0,0.44779574506225217
16914,13.0,2.0,0.7916695548405606
16915,11.0,1.0,0.45789513928467346
16916,8.0,1.0,0.4539319779884958
16917,12.0,2.0,0.7201698025838187
16918,9.0,2.0,0.8422242799722687
16919,11.0,2.0,0.8204285111492553
16920,7.0,2.0,0.6454563738148618
16921,9.0,2.0,0.6781019071934791
16922,17.0,1.0,0.49897295172295314
16923,10.0,2.0,0.5798285626218023
16924,11.0,2.0,0.4837362811710603
16925,10.0,2.0,0.4773888551132258
16926,15.0,2.0,0.4028271967093662
16927,7.0,1.0,0.137386777138466
16928,14.0,1.0,0.13888928947351636
16929,14.0,1.0,0.14428446187812868
16930,18.0,1.0,0.11780910367007058
16931,12.0,1.0,0.1123815798111924
16932,9.0,1.0,0.09437387026681164
16933,11.0,0.0,0.0
16934,7.0,0.0,0.0
16935,12.0,0.0,0.0
16936,10.0,0.0,0.0
16937,8.0,0.0,0.0
16938,11.0,0.0,0.0
16939,15.0,0.0,0.0
16940,14.0,0.0,0.0
16941,6.0,0.0,0.0
16942,8.0,0.0,0.0
16943,13.0,0.0,0.0
16944,16.0,0.0,0.0
16945,16.0,0.0,0.0
16946,10.0,0.0,0.0
16947,14.0,0.0,0.0
16948,12.0,0.0,0.0
16949,11.0,1.0,0.37938232851388326
16950,9.0,1.0,0.40091581650118957
16951,10.0,1.0,0.40775893186301926
16952,13.0,3.0,1.4344345213435132
16953,13.0,3.0,1.434100397579515
16954,8.0,3.0,1.4161216670600638
16955,13.0,3.0,1.4337768859631412
16956,13.0,3.0,1.4357574581760855
16957,15.0,3.0,1.4218556694324063
16958,9.0,3.0,1.4256746114083731
16959,13.0,2.0,1.0420934088958573
16960,14.0,2.0,1.0368751823544207
16961,12.0,2.0,1.0398687206504162
16962,17.0,0.0,0.0
16963,12.0,0.0,0.0
16964,14.0,0.0,0.0
16965,9.0,0.0,0.0
16966,13.0,0.0,0.0
16967,12.0,0.0,0.0
16968,7.0,0.0,0.0
16969,11.0,0.0,0.0
16970,16.0,0.0,0.0
16971,12.0,0.0,0.0
16972,11.0,0.0,0.0
16973,16.0,0.0,0.0
16974,14.0,0.0,0.0
16975,11.0,0.0,0.0
16976,13.0,0.0,0.0
16977,10.0,0.0,0.0
16978,14.0,1.0,0.4657141264970988
16979,13.0,1.0,0.46825419950464786
16980,9.0,1.0,0.4684280503151025
16981,12.0,1.0,0.47417594560464105
16982,8.0,1.0,0.4719062371884944
16983,11.0,1.0,0.4656034530429132
16984,6.0,1.0,0.4710867626827662
16985,9.0,1.0,0.46773166613317024
16986,11.0,1.0,0.46308497441023183
16987,12.0,1.0,0.4569976363808594
16988,5.0,0.0,0.0
16989,9.0,0.0,0.0
16990,14.0,1.0,0.4862959094209385
16991,16.0,1.0,0.4828950193601142
16992,11.0,1.0,0.5122154818518965
16993,14.0,1.0,0.5069442957225062
16994,16.0,1.0,0.5096584020471376
16995,11.0,1.0,0.5083552819754092
16996,9.0,1.0,0.47732636950730867
16997,10.0,1.0,0.45821835590688237
16998,8.0,1.0,0.4546654599620261
16999,9.0,1.0,0.40257944634242077
17000,13.0,0.0,0.0
17001,7.0,0.0,0.0
17002,17.0,1.0,0.7284224586204533
17003,6.0,1.0,0.5854557148758043
17004,13.0,2.0,0.921383302919325
17005,9.0,2.0,0.77991155926773
17006,12.0,2.0,0.8225080052198113
17007,13.0,2.0,0.8690171700680027
17008,14.0,2.0,0.5662085648941169
17009,20.0,2.0,0.38176100422855425
17010,13.0,2.0,0.8183182701674767
17011,21.0,2.0,1.0252466894424197
17012,11.0,1.0,0.28311150571173865
17013,12.0,1.0,0.19646960013614675
17014,10.0,0.0,0.0
17015,16.0,0.0,0.0
17016,16.0,0.0,0.0
17017,6.0,0.0,0.0
17018,16.0,0.0,0.0
17019,10.0,0.0,0.0
17020,9.0,0.0,0.0
17021,11.0,0.0,0.0
17022,18.0,0.0,0.0
17023,8.0,0.0,0.0
17024,17.0,0.0,0.0
17025,11.0,0.0,0.0
17026,11.0,0.0,0.0
17027,9.0,0.0,0.0
17028,14.0,0.0,0.0
17029,14.0,0.0,0.0
17030,12.0,0.0,0.0
17031,10.0,0.0,0.0
17032,17.0,0.0,0.0
17033,5.0,0.0,0.0
17034,11.0,0.0,0.0
17035,19.0,0.0,0.0
17036,13.0,0.0,0.0
17037,10.0,0.0,0.0
17038,10.0,0.0,0.0
17039,5.0,0.0,0.0
17040,13.0,0.0,0.0
17041,15.0,0.0,0.0
17042,8.0,0.0,0.0
17043,12.0,0.0,0.0
17044,10.0,0.0,0.0
17045,9.0,0.0,0.0
17046,6.0,0.0,0.0
17047,10.0,0.0,0.0
17048,11.0,0.0,0.0
17049,9.0,0.0,0.0
17050,9.0,0.0,0.0
17051,16.0,0.0,0.0
17052,8.0,0.0,0.0
17053,9.0,0.0,0.0
17054,20.0,0.0,0.0
17055,13.0,0.0,0.0
17056,7.0,0.0,0.0
17057,13.0,0.0,0.0
17058,12.0,0.0,0.0
17059,12.0,0.0,0.0
17060,8.0,0.0,0.0
17061,12.0,0.0,0.0
17062,12.0,0.0,0.0
17063,9.0,0.0,0.0
17064,9.0,0.0,0.0
17065,14.0,0.0,0.0
17066,17.0,0.0,0.0
17067,17.0,0.0,0.0
17068,10.0,0.0,0.0
17069,11.0,0.0,0.0
17070,7.0,0.0,0.0
17071,7.0,0.0,0.0
17072,14.0,0.0,0.0
17073,12.0,0.0,0.0
17074,19.0,0.0,0.0
17075,12.0,0.0,0.0
17076,15.0,0.0,0.0
17077,11.0,0.0,0.0
17078,8.0,0.0,0.0
17079,12.0,0.0,0.0
17080,16.0,0.0,0.0
17081,8.0,0.0,0.0
17082,15.0,0.0,0.0
17083,13.0,0.0,0.0
17084,15.0,0.0,0.0
17085,8.0,0.0,0.0
17086,13.0,0.0,0.0
17087,11.0,0.0,0.0
17088,11.0,0.0,0.0
17089,18.0,0.0,0.0
17090,8.0,0.0,0.0
17091,9.0,0.0,0.0
17092,15.0,0.0,0.0
17093,7.0,0.0,0.0
17094,13.0,0.0,0.0
17095,16.0,0.0,0.0
17096,14.0,0.0,0.0
17097,8.0,0.0,0.0
17098,8.0,0.0,0.0
17099,11.0,0.0,0.0
17100,12.0,0.0,0.0
17101,10.0,0.0,0.0
17102,11.0,0.0,0.0
17103,17.0,1.0,0.7652032007131776
17104,10.0,1.0,0.7097653636033274
17105,14.0,1.0,0.892870162997207
17106,15.0,1.0,0.7004256706227239
17107,7.0,1.0,0.63182730295393
17108,13.0,1.0,0.5736092065259263
17109,14.0,1.0,0.36707179723713934
17110,12.0,1.0,0.5850107222576579
17111,17.0,1.0,0.6076522485970246
17112,15.0,1.0,0.0005320438374480543
17113,9.0,0.0,0.0
17114,6.0,0.0,0.0
17115,7.0,0.0,0.0
17116,6.0,0.0,0.0
17117,8.0,0.0,0.0
17118,15.0,0.0,0.0
17119,12.0,0.0,0.0
17120,11.0,0.0,0.0
17121,9.0,0.0,0.0
17122,11.0,0.0,0.0
17123,11.0,0.0,0.0
17124,10.0,0.0,0.0
17125,14.0,0.0,0.0
17126,13.0,0.0,0.0
17127,16.0,0.0,0.0
17128,12.0,0.0,0.0
17129,12.0,0.0,0.0
17130,10.0,0.0,0.0
17131,9.0,0.0,0.0
17132,15.0,0.0,0.0
17133,16.0,0.0,0.0
17134,18.0,0.0,0.0
17135,14.0,0.0,0.0
17136,15.0,0.0,0.0
17137,16.0,0.0,0.0
17138,9.0,0.0,0.0
17139,15.0,0.0,0.0
17140,12.0,0.0,0.0
17141,8.0,0.0,0.0
17142,12.0,0.0,0.0
17143,20.0,0.0,0.0
17144,17.0,0.0,0.0
17145,8.0,0.0,0.0
17146,9.0,0.0,0.0
17147,14.0,0.0,0.0
17148,10.0,0.0,0.0
17149,16.0,0.0,0.0
17150,10.0,0.0,0.0
17151,10.0,0.0,0.0
17152,14.0,0.0,0.0
17153,11.0,0.0,0.0
17154,17.0,0.0,0.0
17155,11.0,0.0,0.0
17156,10.0,0.0,0.0
17157,14.0,0.0,0.0
17158,8.0,0.0,0.0
17159,15.0,0.0,0.0
17160,17.0,0.0,0.0
17161,12.0,0.0,0.0
17162,8.0,0.0,0.0
17163,12.0,0.0,0.0
17164,13.0,0.0,0.0
17165,16.0,0.0,0.0
17166,15.0,0.0,0.0
17167,10.0,0.0,0.0
17168,9.0,0.0,0.0
17169,13.0,0.0,0.0
17170,12.0,0.0,0.0
17171,9.0,0.0,0.0
17172,4.0,0.0,0.0
17173,15.0,0.0,0.0
17174,11.0,0.0,0.0
17175,9.0,0.0,0.0
17176,8.0,0.0,0.0
17177,15.0,0.0,0.0
17178,14.0,0.0,0.0
17179,13.0,0.0,0.0
17180,16.0,0.0,0.0
17181,11.0,0.0,0.0
17182,13.0,0.0,0.0
17183,11.0,0.0,0.0
17184,16.0,0.0,0.0
17185,14.0,0.0,0.0
17186,11.0,0.0,0.0
17187,9.0,0.0,0.0
17188,11.0,1.0,0.2906825830748516
17189,15.0,1.0,0.3800072621282389
17190,13.0,1.0,0.3727051821781667
17191,12.0,1.0,0.38249658811595527
17192,16.0,1.0,0.37428023012417055
17193,14.0,1.0,0.359523854720722
17194,16.0,1.0,0.3117330154421198
17195,15.0,1.0,0.28646719936622844
17196,13.0,1.0,0.15293209881001035
17197,17.0,1.0,0.03335219231448754
17198,11.0,0.0,0.0
17199,10.0,0.0,0.0
17200,9.0,0.0,0.0
17201,6.0,0.0,0.0
17202,13.0,0.0,0.0
17203,11.0,0.0,0.0
17204,10.0,0.0,0.0
17205,8.0,0.0,0.0
17206,11.0,0.0,0.0
17207,7.0,0.0,0.0
17208,15.0,0.0,0.0
17209,14.0,0.0,0.0
17210,13.0,0.0,0.0
17211,10.0,0.0,0.0
17212,11.0,0.0,0.0
17213,10.0,0.0,0.0
17214,16.0,0.0,0.0
17215,22.0,1.0,0.5143399332798301
17216,9.0,1.0,0.4828591833561934
17217,9.0,1.0,0.04632676709652263
17218,11.0,1.0,0.03864774242429455
17219,15.0,1.0,0.3880290664263936
17220,18.0,1.0,0.5568142769784761
17221,16.0,1.0,0.5031600635867866
17222,13.0,1.0,0.5920118102707808
17223,15.0,1.0,0.49245238456897
17224,14.0,1.0,0.472699112907374
17225,6.0,0.0,0.0
17226,15.0,0.0,0.0
17227,14.0,0.0,0.0
17228,15.0,0.0,0.0
17229,12.0,0.0,0.0
17230,11.0,0.0,0.0
17231,6.0,0.0,0.0
17232,11.0,0.0,0.0
17233,13.0,0.0,0.0
17234,20.0,0.0,0.0
17235,13.0,0.0,0.0
17236,13.0,0.0,0.0
17237,7.0,0.0,0.0
17238,15.0,0.0,0.0
17239,9.0,0.0,0.0
17240,10.0,0.0,0.0
17241,8.0,0.0,0.0
17242,10.0,0.0,0.0
17243,8.0,0.0,0.0
17244,12.0,2.0,1.1332052013497425
17245,16.0,2.0,1.102247246795195
17246,10.0,2.0,1.2674221040140852
17247,12.0,3.0,1.324152108489353
17248,17.0,3.0,1.928757016182193
17249,19.0,3.0,1.7296282629720554
17250,9.0,3.0,0.8527309253668711
17251,8.0,4.0,1.9394230420685217
17252,12.0,4.0,1.572057151556436
17253,14.0,4.0,1.602480361847032
17254,15.0,2.0,0.6687498392600212
17255,18.0,2.0,0.6124021620348096
17256,12.0,2.0,0.9156739872543235
17257,16.0,1.0,0.1991277445317405
17258,12.0,1.0,0.18812727508760388
17259,19.0,1.0,0.1925020241042733
17260,12.0,1.0,0.14958264886636807
17261,15.0,0.0,0.0
17262,16.0,0.0,0.0
17263,10.0,1.0,0.48878524563135967
17264,13.0,1.0,0.6359469798621531
17265,9.0,1.0,0.37320673327518916
17266,13.0,1.0,0.5274645271410708
17267,18.0,1.0,0.9444449368797285
17268,13.0,1.0,0.6911539122314274
17269,13.0,1.0,0.6542346711558802
17270,13.0,1.0,0.3856069294543759
17271,16.0,1.0,0.7535084099206053
17272,9.0,1.0,0.620583378903462
17273,9.0,0.0,0.0
17274,11.0,0.0,0.0
17275,17.0,0.0,0.0
17276,13.0,0.0,0.0
17277,9.0,0.0,0.0
17278,11.0,0.0,0.0
17279,13.0,1.0,0.0075481403087026425
17280,15.0,1.0,0.34050161513773586
17281,15.0,1.0,0.8448326609421009
17282,12.0,1.0,0.3892881700338724
17283,13.0,1.0,0.7018705221499503
17284,20.0,1.0,0.41824069968661115
17285,11.0,1.0,0.172367637310564
17286,11.0,2.0,0.7046470456700591
17287,14.0,2.0,2.124878313274995
17288,16.0,2.0,2.008535050404862
17289,12.0,1.0,0.578004064384778
17290,18.0,1.0,0.7474858053833322
17291,9.0,1.0,0.9840808530388795
17292,11.0,1.0,0.8226986154421772
17293,21.0,1.0,0.19828824954509966
17294,11.0,1.0,0.5463475099236409
17295,12.0,1.0,0.33009867344029814
17296,12.0,0.0,0.0
17297,15.0,0.0,0.0
17298,14.0,0.0,0.0
17299,18.0,0.0,0.0
17300,9.0,0.0,0.0
17301,11.0,0.0,0.0
17302,13.0,0.0,0.0
17303,10.0,0.0,0.0
17304,4.0,0.0,0.0
17305,15.0,0.0,0.0
17306,17.0,0.0,0.0
17307,14.0,0.0,0.0
17308,9.0,0.0,0.0
17309,10.0,0.0,0.0
17310,11.0,1.0,0.3408795123229634
17311,14.0,1.0,0.4760104649237898
17312,10.0,1.0,0.47598419640757705
17313,8.0,1.0,0.44095899525432214
17314,17.0,1.0,0.330402447344927
17315,9.0,1.0,0.2619879491723691
17316,14.0,1.0,0.1260191160907508
17317,13.0,1.0,0.07508489156578674
17318,10.0,2.0,0.6590918396280179
17319,14.0,2.0,0.4080618797753742
17320,13.0,1.0,0.4647448249898163
17321,10.0,1.0,0.5025447080260171
17322,14.0,1.0,0.4547392635842655
17323,8.0,1.0,0.4746106213433465
17324,9.0,1.0,0.5010609621182461
17325,10.0,1.0,0.5021683406869523
17326,14.0,1.0,0.5020427860713318
17327,8.0,1.0,0.47658353025114564
17328,14.0,0.0,0.0
17329,13.0,0.0,0.0
17330,15.0,1.0,0.8750528312504359
17331,12.0,1.0,0.8673551543390077
17332,11.0,1.0,0.8955956408534105
17333,9.0,2.0,1.823474300479394
17334,14.0,2.0,1.8780813423022054
17335,8.0,2.0,1.8740567187574135
17336,15.0,3.0,2.5073474510775693
17337,7.0,3.0,2.565356313122173
17338,12.0,3.0,2.5688193551425718
17339,15.0,3.0,2.56125240739031
17340,12.0,2.0,1.6848079000869243
17341,17.0,2.0,1.686488959952003
17342,18.0,2.0,1.579761646840035
17343,13.0,1.0,0.7537246012502197
17344,15.0,1.0,0.7534307791115673
17345,12.0,2.0,0.9424254214389738
17346,16.0,1.0,0.22278523163862993
17347,7.0,1.0,0.2258764296559086
17348,14.0,1.0,0.2246298789839295
17349,13.0,1.0,0.22158466785820705
17350,13.0,1.0,0.21227891862694706
17351,10.0,1.0,0.21415554532839073
17352,9.0,1.0,0.21174951567303227
17353,8.0,1.0,0.1983573818551301
17354,8.0,1.0,0.16263088098198644
17355,10.0,0.0,0.0
17356,11.0,0.0,0.0
17357,15.0,0.0,0.0
17358,11.0,0.0,0.0
17359,13.0,0.0,0.0
17360,9.0,0.0,0.0
17361,8.0,0.0,0.0
17362,13.0,0.0,0.0
17363,10.0,0.0,0.0
17364,11.0,0.0,0.0
17365,8.0,0.0,0.0
17366,15.0,0.0,0.0
17367,8.0,0.0,0.0
17368,14.0,0.0,0.0
17369,13.0,0.0,0.0
17370,19.0,0.0,0.0
17371,12.0,0.0,0.0
17372,14.0,1.0,0.8787523079929092
17373,13.0,2.0,0.9495489924672905
17374,8.0,2.0,0.39623971075176756
17375,9.0,2.0,0.9634073472827318
17376,10.0,2.0,1.177581062254559
17377,10.0,2.0,0.9154135533295341
17378,21.0,2.0,0.6008366039607036
17379,15.0,2.0,1.2128486777125045
17380,6.0,2.0,1.391591251314467
17381,9.0,2.0,0.9290575407729169
17382,19.0,2.0,0.7571601946117914
17383,7.0,1.0,0.2788814691295438
17384,17.0,1.0,0.282763083854992
17385,20.0,1.0,0.20605309263525398
17386,14.0,1.0,0.133777733589659
17387,16.0,1.0,0.04633287617937495
17388,7.0,1.0,0.1882586109089951
17389,11.0,1.0,0.20527403692690108
17390,9.0,1.0,0.14222748574887556
17391,10.0,1.0,0.04680810221484437
17392,18.0,0.0,0.0
17393,12.0,0.0,0.0
17394,12.0,0.0,0.0
17395,14.0,0.0,0.0
17396,13.0,0.0,0.0
17397,15.0,0.0,0.0
17398,10.0,0.0,0.0
17399,13.0,0.0,0.0
17400,10.0,0.0,0.0
17401,11.0,0.0,0.0
17402,12.0,0.0,0.0
17403,14.0,0.0,0.0
17404,15.0,0.0,0.0
17405,13.0,0.0,0.0
17406,6.0,0.0,0.0
17407,11.0,0.0,0.0
17408,12.0,0.0,0.0
17409,12.0,0.0,0.0
17410,7.0,0.0,0.0
17411,10.0,0.0,0.0
17412,14.0,0.0,0.0
17413,14.0,0.0,0.0
17414,15.0,0.0,0.0
17415,17.0,0.0,0.0
17416,14.0,0.0,0.0
17417,15.0,1.0,0.4108559818303462
17418,15.0,1.0,0.43199393163578376
17419,15.0,1.0,0.49544393079914095
17420,12.0,1.0,0.42970256955824965
17421,12.0,1.0,0.4995294846014308
17422,11.0,1.0,0.5121896608651046
17423,15.0,1.0,0.43864957595229165
17424,19.0,1.0,0.39766624985601207
17425,8.0,1.0,0.26884255334838764
17426,10.0,1.0,0.1801837925902663
17427,9.0,0.0,0.0
17428,10.0,0.0,0.0
17429,17.0,1.0,0.06499793697559174
17430,11.0,1.0,0.32922433409111157
17431,17.0,1.0,0.3118082253467119
17432,14.0,1.0,0.4824110830587993
17433,12.0,1.0,0.3291405762642677
17434,15.0,1.0,0.2865429123000078
17435,18.0,1.0,0.5437695582384179
17436,13.0,1.0,0.6070554144219491
17437,11.0,1.0,0.3614697029651899
17438,8.0,1.0,0.4793781216708855
17439,13.0,0.0,0.0
17440,9.0,1.0,0.367332849410645
17441,15.0,1.0,0.3355676947415577
17442,7.0,1.0,0.08172269868695557
17443,13.0,1.0,0.33870430697105564
17444,11.0,1.0,0.47681036311326497
17445,11.0,1.0,0.40553170286934853
17446,11.0,2.0,0.5373952201336438
17447,15.0,2.0,0.6656666752529072
17448,11.0,2.0,0.21123064839684402
17449,11.0,2.0,0.2927509771701067
17450,11.0,1.0,0.2168521764178673
17451,6.0,1.0,0.21249591248332353
17452,10.0,1.0,0.2080148143985668
17453,17.0,1.0,0.1808117126839849
17454,8.0,1.0,0.1823424894190931
17455,6.0,1.0,0.119581416294325
17456,9.0,0.0,0.0
17457,8.0,0.0,0.0
17458,9.0,0.0,0.0
17459,19.0,0.0,0.0
17460,12.0,0.0,0.0
17461,14.0,0.0,0.0
17462,15.0,0.0,0.0
17463,10.0,0.0,0.0
17464,14.0,0.0,0.0
17465,12.0,0.0,0.0
17466,18.0,0.0,0.0
17467,13.0,1.0,0.46247450903271453
17468,11.0,1.0,0.43372834156931067
17469,8.0,1.0,0.4034377879774876
17470,10.0,1.0,0.47093546302572636
17471,11.0,1.0,0.4636277386734549
17472,15.0,1.0,0.47308256689577094
17473,10.0,1.0,0.40418333166254594
17474,10.0,1.0,0.40727706198914804
17475,6.0,1.0,0.39090142105680764
17476,9.0,1.0,0.13663047699514186
17477,12.0,0.0,0.0
17478,12.0,0.0,0.0
17479,17.0,0.0,0.0
17480,22.0,0.0,0.0
17481,9.0,0.0,0.0
17482,12.0,0.0,0.0
17483,12.0,0.0,0.0
17484,4.0,0.0,0.0
17485,14.0,0.0,0.0
17486,9.0,0.0,0.0
17487,11.0,0.0,0.0
17488,15.0,0.0,0.0
17489,10.0,0.0,0.0
17490,6.0,0.0,0.0
17491,11.0,0.0,0.0
17492,7.0,0.0,0.0
17493,6.0,0.0,0.0
17494,13.0,0.0,0.0
17495,11.0,0.0,0.0
17496,14.0,0.0,0.0
17497,9.0,0.0,0.0
17498,13.0,0.0,0.0
17499,8.0,0.0,0.0
17500,15.0,1.0,0.05208324758185297
17501,16.0,1.0,0.009470418399064668
17502,11.0,1.0,0.11526688187043707
17503,12.0,1.0,0.19398992698871037
17504,11.0,1.0,0.18265332667011355
17505,12.0,1.0,0.1945009499938718
17506,11.0,1.0,0.2495861053065697
17507,14.0,2.0,0.3105453727848677
17508,9.0,2.0,0.41938207847088227
17509,11.0,2.0,0.4270895247998295
17510,22.0,1.0,0.20642566455174907
17511,10.0,1.0,0.2537061792136934
17512,22.0,1.0,0.18485818791732456
17513,11.0,1.0,0.21534854041589527
17514,13.0,2.0,1.2507939675103588
17515,8.0,2.0,1.1635544478434245
17516,10.0,2.0,1.0435054124557341
17517,14.0,1.0,0.9267810241491683
17518,15.0,1.0,0.8447013112091931
17519,18.0,1.0,0.6770499430423281
17520,12.0,1.0,0.26288506818063184
17521,16.0,1.0,0.4250857274253195
17522,7.0,1.0,0.045449495032067355
17523,18.0,1.0,0.40833183884353996
17524,9.0,0.0,0.0
17525,8.0,0.0,0.0
17526,12.0,0.0,0.0
17527,14.0,0.0,0.0
17528,9.0,0.0,0.0
17529,13.0,0.0,0.0
17530,14.0,0.0,0.0
17531,12.0,0.0,0.0
17532,14.0,0.0,0.0
17533,11.0,0.0,0.0
17534,7.0,0.0,0.0
17535,7.0,0.0,0.0
17536,12.0,0.0,0.0
17537,13.0,0.0,0.0
17538,14.0,0.0,0.0
17539,14.0,0.0,0.0
17540,15.0,1.0,0.1639865406849679
17541,8.0,1.0,0.1714321788649062
17542,20.0,1.0,0.25130540301926835
17543,18.0,1.0,0.31212445388467575
17544,13.0,1.0,0.36927110769958493
17545,16.0,1.0,0.3476855986546404
17546,9.0,1.0,0.3226248440272482
17547,6.0,1.0,0.3109914205040373
17548,13.0,1.0,0.23668159475158967
17549,10.0,1.0,0.14171439842699793
17550,8.0,0.0,0.0
17551,16.0,0.0,0.0
17552,8.0,0.0,0.0
17553,12.0,0.0,0.0
17554,13.0,0.0,0.0
17555,11.0,0.0,0.0
17556,9.0,0.0,0.0
17557,13.0,0.0,0.0
17558,17.0,0.0,0.0
17559,14.0,0.0,0.0
17560,16.0,0.0,0.0
17561,11.0,0.0,0.0
17562,7.0,0.0,0.0
17563,11.0,0.0,0.0
17564,9.0,0.0,0.0
17565,14.0,0.0,0.0
17566,14.0,0.0,0.0
17567,9.0,0.0,0.0
17568,11.0,1.0,0.13814826332933133
17569,17.0,1.0,0.10468947677717157
17570,7.0,2.0,0.168906152595468
17571,7.0,2.0,0.3524242699124176
17572,9.0,2.0,0.38136060897391966
17573,13.0,2.0,0.4152007551569706
17574,12.0,2.0,0.42264226643604075
17575,9.0,2.0,0.4197666116066605
17576,14.0,2.0,0.4238449725557561
17577,15.0,2.0,0.3255794054366975
17578,11.0,1.0,0.15221066149307724
17579,8.0,2.0,0.28057414536345526
17580,17.0,1.0,0.1667316186027472
17581,18.0,1.0,0.20192621419291665
17582,17.0,1.0,0.22023083773675037
17583,14.0,1.0,0.2664008452647609
17584,17.0,1.0,0.21318954458460604
17585,18.0,1.0,0.2299617164642538
17586,12.0,1.0,0.2797252137908634
17587,10.0,1.0,0.2718731191982378
17588,15.0,1.0,0.22759506829621515
17589,14.0,0.0,0.0
17590,11.0,0.0,0.0
17591,9.0,0.0,0.0
17592,15.0,0.0,0.0
17593,12.0,0.0,0.0
17594,14.0,0.0,0.0
17595,5.0,1.0,0.19649381041514244
17596,8.0,1.0,0.33874928096734663
17597,8.0,1.0,0.47300517143824
17598,13.0,1.0,0.3413847722374356
17599,9.0,1.0,0.5924824310559521
17600,20.0,2.0,0.9503827628987929
17601,12.0,2.0,0.6076050520687223
17602,11.0,2.0,0.71497426562279
17603,5.0,3.0,0.8252049737440794
17604,14.0,3.0,0.9435508661877153
17605,13.0,2.0,0.2681095433000514
17606,13.0,3.0,0.5166539402209639
17607,4.0,3.0,0.7659678261598883
17608,14.0,3.0,0.6028484492767285
17609,10.0,5.0,1.5068031024234212
17610,12.0,5.0,1.9602672519084694
17611,10.0,5.0,1.683513906455515
17612,11.0,5.0,1.5064826452662392
17613,16.0,4.0,1.286732169482538
17614,11.0,4.0,1.290994675253777
17615,9.0,4.0,1.6321498172584499
17616,12.0,3.0,0.8740464452702904
17617,7.0,3.0,1.2222341464938724
17618,8.0,3.0,1.294829304061126
17619,15.0,2.0,1.1251942581733136
17620,10.0,1.0,0.8097269445991032
17621,15.0,2.0,1.2135311318137691
17622,11.0,2.0,1.3682676841747856
17623,10.0,2.0,1.4729491142462225
17624,15.0,2.0,1.1751991899106065
17625,11.0,2.0,1.0294436383657155
17626,15.0,2.0,0.9658284518015247
17627,9.0,2.0,0.7763509355899645
17628,17.0,2.0,0.9331079762216541
17629,13.0,1.0,0.5511500298543693
17630,20.0,1.0,0.30525187608547694
17631,15.0,0.0,0.0
17632,10.0,0.0,0.0
17633,13.0,0.0,0.0
17634,14.0,0.0,0.0
17635,6.0,0.0,0.0
17636,12.0,0.0,0.0
17637,9.0,0.0,0.0
17638,8.0,0.0,0.0
17639,13.0,0.0,0.0
17640,17.0,0.0,0.0
17641,13.0,1.0,0.09325966462824457
17642,10.0,1.0,0.058339932484662564
17643,15.0,1.0,0.07883015195126425
17644,14.0,2.0,0.9900525378820464
17645,12.0,2.0,0.9038753725841885
17646,8.0,2.0,0.8880510750481795
17647,8.0,2.0,0.8854387945435624
17648,8.0,2.0,0.7457764815018287
17649,14.0,2.0,0.6729695511840936
17650,12.0,2.0,0.7751982651278277
17651,10.0,1.0,0.2348750730531264
17652,9.0,1.0,0.35468108073758753
17653,11.0,1.0,0.3917921587691118
17654,11.0,0.0,0.0
17655,11.0,0.0,0.0
17656,11.0,0.0,0.0
17657,14.0,0.0,0.0
17658,10.0,0.0,0.0
17659,11.0,0.0,0.0
17660,8.0,0.0,0.0
17661,12.0,0.0,0.0
17662,15.0,0.0,0.0
17663,12.0,0.0,0.0
17664,10.0,1.0,0.1738101495010898
17665,9.0,1.0,0.2105863160708803
17666,14.0,1.0,0.2918172826714785
17667,8.0,1.0,0.23774992778857024
17668,16.0,1.0,0.24993914769067427
17669,15.0,1.0,0.2916953778935771
17670,10.0,1.0,0.2599889876891906
17671,10.0,1.0,0.2798183391636826
17672,19.0,1.0,0.09959157544319162
17673,19.0,1.0,0.17545905481209775
17674,16.0,0.0,0.0
17675,7.0,0.0,0.0
17676,9.0,1.0,0.7415068902339554
17677,10.0,1.0,0.03665665317040543
17678,16.0,1.0,0.504968974586521
17679,11.0,1.0,0.9326465461413886
17680,19.0,1.0,0.9162586403266301
17681,10.0,1.0,1.0885702743141803
17682,10.0,1.0,0.9531969612970099
17683,10.0,1.0,0.6679797837746105
17684,10.0,1.0,0.1713862672867422
17685,12.0,1.0,0.16427643502625544
17686,18.0,0.0,0.0
17687,17.0,0.0,0.0
17688,14.0,0.0,0.0
17689,19.0,0.0,0.0
17690,10.0,0.0,0.0
17691,11.0,0.0,0.0
17692,10.0,0.0,0.0
17693,9.0,0.0,0.0
17694,10.0,1.0,0.4302232381764374
17695,9.0,1.0,0.06102046421105485
17696,14.0,2.0,0.777661636661521
17697,19.0,3.0,2.355446537783636
17698,12.0,3.0,2.1657210540503398
17699,11.0,3.0,2.5179414121539287
17700,9.0,3.0,1.101115017957568
17701,7.0,3.0,1.9692931370076425
17702,15.0,3.0,2.4403737184812835
17703,12.0,3.0,1.3071070818869188
17704,10.0,2.0,1.4764422342994379
17705,8.0,2.0,1.1992515842116283
17706,18.0,1.0,0.664899741659053
17707,7.0,0.0,0.0
17708,6.0,0.0,0.0
17709,13.0,0.0,0.0
17710,12.0,1.0,0.890183283385486
17711,6.0,1.0,1.1840288318454444
17712,11.0,1.0,1.176877137727875
17713,10.0,1.0,0.9978732784683184
17714,16.0,2.0,1.9729196676956522
17715,4.0,2.0,1.7419300450688366
17716,12.0,2.0,0.8121917464004378
17717,16.0,2.0,1.3282662058324024
17718,9.0,2.0,1.540320022452153
17719,12.0,3.0,1.782684806279546
17720,17.0,2.0,1.2847784659495287
17721,18.0,2.0,1.3594095439740772
17722,16.0,2.0,1.1666452848407967
17723,11.0,2.0,0.923233527270473
17724,11.0,1.0,0.2212004846630842
17725,13.0,1.0,0.21712730989681484
17726,7.0,1.0,0.3247304282782602
17727,13.0,1.0,0.2536689479521192
17728,7.0,2.0,0.5027392503884714
17729,13.0,1.0,0.34910800592366037
17730,15.0,1.0,0.3698699378275714
17731,9.0,1.0,0.4169958327814928
17732,11.0,1.0,0.31953992409699433
17733,12.0,1.0,0.3400025386168004
17734,8.0,1.0,0.30733728474311495
17735,7.0,1.0,0.24324921801231003
17736,13.0,1.0,0.25337219547334827
17737,12.0,1.0,0.13153364107586643
17738,9.0,0.0,0.0
17739,12.0,0.0,0.0
17740,21.0,0.0,0.0
17741,12.0,0.0,0.0
17742,5.0,0.0,0.0
17743,12.0,0.0,0.0
17744,12.0,0.0,0.0
17745,10.0,0.0,0.0
17746,3.0,0.0,0.0
17747,9.0,0.0,0.0
17748,8.0,0.0,0.0
17749,10.0,0.0,0.0
17750,15.0,0.0,0.0
17751,9.0,0.0,0.0
17752,7.0,0.0,0.0
17753,12.0,0.0,0.0
17754,8.0,1.0,0.06512256554100755
17755,17.0,1.0,0.1479650305882745
17756,10.0,1.0,0.27087250751147723
17757,12.0,2.0,0.8326524898148296
17758,10.0,2.0,0.776703077267583
17759,14.0,2.0,0.5136466633486421
17760,10.0,2.0,0.8398382204728874
17761,13.0,2.0,0.6988902123097792
17762,12.0,2.0,0.7185204098431305
17763,20.0,4.0,0.9499846747423706
17764,13.0,3.0,1.2664518579445687
17765,6.0,3.0,1.3027953752411494
17766,13.0,3.0,1.3952737113993332
17767,12.0,2.0,0.8254163375600412
17768,14.0,2.0,0.8766831155762831
17769,15.0,2.0,0.8656703354533429
17770,7.0,2.0,0.4713422470568344
17771,14.0,2.0,0.26801247003735656
17772,9.0,2.0,0.22795008765221836
17773,8.0,0.0,0.0
17774,11.0,0.0,0.0
17775,16.0,0.0,0.0
17776,11.0,0.0,0.0
17777,13.0,0.0,0.0
17778,7.0,1.0,0.003792842593387354
17779,15.0,1.0,0.49604749703515916
17780,7.0,1.0,0.25338682360792947
17781,12.0,1.0,0.6004755211479411
17782,9.0,1.0,0.013054044044099797
17783,13.0,1.0,0.5193015734988778
17784,8.0,1.0,0.5730742978388238
17785,11.0,1.0,0.5840126465910183
17786,14.0,1.0,0.5279521019327852
17787,13.0,1.0,0.23508155193178934
17788,8.0,0.0,0.0
17789,21.0,0.0,0.0
17790,14.0,0.0,0.0
17791,9.0,0.0,0.0
17792,10.0,0.0,0.0
17793,15.0,0.0,0.0
17794,17.0,0.0,0.0
17795,13.0,0.0,0.0
17796,5.0,0.0,0.0
17797,7.0,0.0,0.0
17798,8.0,0.0,0.0
17799,13.0,0.0,0.0
17800,9.0,0.0,0.0
17801,10.0,0.0,0.0
17802,13.0,0.0,0.0
17803,17.0,0.0,0.0
17804,14.0,0.0,0.0
17805,10.0,0.0,0.0
17806,8.0,0.0,0.0
17807,13.0,0.0,0.0
17808,15.0,0.0,0.0
17809,6.0,0.0,0.0
17810,11.0,1.0,0.6297399135932299
17811,11.0,1.0,0.7244617905182029
17812,16.0,1.0,0.7483480639262927
17813,2.0,1.0,0.7151183816671244
17814,10.0,1.0,0.744449326372663
17815,11.0,1.0,0.7505482698467624
17816,15.0,1.0,0.6849238304269293
17817,12.0,1.0,0.7287737732778334
17818,16.0,1.0,0.6503802075898168
17819,11.0,1.0,0.5636980382339756
17820,14.0,0.0,0.0
17821,10.0,0.0,0.0
17822,12.0,2.0,0.2553615248896156
17823,18.0,2.0,0.31133227469418573
17824,9.0,2.0,0.3089880401490225
17825,10.0,2.0,0.3275648224003014
17826,21.0,2.0,0.3469378177138396
17827,8.0,2.0,0.37134940999497723
17828,12.0,2.0,0.4312884307430026
17829,15.0,2.0,0.4002996921814219
17830,10.0,2.0,0.3177083237231896
17831,11.0,2.0,0.22919295717526067
17832,17.0,0.0,0.0
17833,8.0,0.0,0.0
17834,9.0,0.0,0.0
17835,16.0,0.0,0.0
17836,12.0,0.0,0.0
17837,7.0,0.0,0.0
17838,13.0,0.0,0.0
17839,14.0,0.0,0.0
17840,13.0,0.0,0.0
17841,12.0,0.0,0.0
17842,12.0,0.0,0.0
17843,14.0,0.0,0.0
17844,12.0,0.0,0.0
17845,10.0,0.0,0.0
17846,14.0,0.0,0.0
17847,20.0,0.0,0.0
17848,14.0,0.0,0.0
17849,14.0,0.0,0.0
17850,7.0,0.0,0.0
17851,10.0,0.0,0.0
17852,11.0,0.0,0.0
17853,9.0,0.0,0.0
17854,13.0,0.0,0.0
17855,13.0,0.0,0.0
17856,12.0,0.0,0.0
17857,16.0,0.0,0.0
17858,8.0,0.0,0.0
17859,12.0,0.0,0.0
17860,8.0,1.0,0.3637529863566238
17861,11.0,1.0,0.6265651556554253
17862,8.0,1.0,0.748211912406457
17863,12.0,1.0,0.7278942717341981
17864,13.0,1.0,0.8233093533879323
17865,14.0,1.0,0.8409826042714234
17866,13.0,1.0,0.840664348888219
17867,14.0,1.0,0.8143099058488608
17868,13.0,1.0,0.8261214302653828
17869,8.0,1.0,0.7888025462756914
17870,17.0,0.0,0.0
17871,9.0,0.0,0.0
17872,14.0,0.0,0.0
17873,10.0,0.0,0.0
17874,13.0,0.0,0.0
17875,7.0,0.0,0.0
17876,8.0,0.0,0.0
17877,15.0,0.0,0.0
17878,13.0,0.0,0.0
17879,6.0,0.0,0.0
17880,18.0,0.0,0.0
17881,13.0,0.0,0.0
17882,16.0,1.0,0.4394849805107962
17883,7.0,2.0,0.400337876637476
17884,13.0,2.0,0.809711968402386
17885,9.0,2.0,0.7054558780054094
17886,15.0,2.0,0.6261965147331687
17887,14.0,2.0,0.6531342643363561
17888,13.0,2.0,0.22395792144490198
17889,11.0,2.0,0.6893955333491156
17890,15.0,2.0,0.7965217782170858
17891,16.0,3.0,1.0974061492145137
17892,12.0,2.0,0.7772324477631093
17893,13.0,1.0,0.6088847414635553
17894,12.0,1.0,0.6622632072152763
17895,9.0,1.0,0.6739874116542164
17896,8.0,1.0,0.6803457555117614
17897,11.0,1.0,0.6867702049232713
17898,10.0,1.0,0.6841985495104443
17899,15.0,1.0,0.5953840035086233
17900,11.0,1.0,0.5273289658650107
17901,15.0,0.0,0.0
17902,10.0,0.0,0.0
17903,14.0,0.0,0.0
17904,7.0,0.0,0.0
17905,16.0,0.0,0.0
17906,9.0,0.0,0.0
17907,8.0,0.0,0.0
17908,7.0,0.0,0.0
17909,11.0,0.0,0.0
17910,9.0,0.0,0.0
17911,10.0,0.0,0.0
17912,19.0,0.0,0.0
17913,14.0,0.0,0.0
17914,4.0,0.0,0.0
17915,13.0,0.0,0.0
17916,11.0,0.0,0.0
17917,10.0,0.0,0.0
17918,10.0,0.0,0.0
17919,11.0,0.0,0.0
17920,15.0,0.0,0.0
17921,11.0,0.0,0.0
17922,7.0,0.0,0.0
17923,7.0,0.0,0.0
17924,11.0,0.0,0.0
17925,12.0,0.0,0.0
17926,8.0,0.0,0.0
17927,15.0,0.0,0.0
17928,12.0,0.0,0.0
17929,14.0,0.0,0.0
17930,8.0,0.0,0.0
17931,8.0,0.0,0.0
17932,10.0,0.0,0.0
17933,8.0,1.0,0.1551682198300976
17934,9.0,1.0,0.24645872205252148
17935,4.0,1.0,0.3119376611739845
17936,9.0,1.0,0.38414177638418856
17937,8.0,1.0,0.21227286159477332
17938,14.0,1.0,0.24082451549997075
17939,14.0,1.0,0.2247246488947509
17940,11.0,1.0,0.28560264281382897
17941,6.0,1.0,0.3167522182073943
17942,18.0,1.0,0.2091351149512509
17943,11.0,0.0,0.0
17944,9.0,0.0,0.0
17945,13.0,0.0,0.0
17946,13.0,0.0,0.0
17947,18.0,0.0,0.0
17948,7.0,0.0,0.0
17949,11.0,0.0,0.0
17950,8.0,0.0,0.0
17951,9.0,0.0,0.0
17952,14.0,0.0,0.0
17953,7.0,0.0,0.0
17954,14.0,0.0,0.0
17955,15.0,0.0,0.0
17956,14.0,0.0,0.0
17957,6.0,0.0,0.0
17958,9.0,0.0,0.0
17959,11.0,1.0,0.3332158310739717
17960,10.0,1.0,0.44757746504866447
17961,9.0,1.0,0.40699592572435606
17962,11.0,1.0,0.3491609226961774
17963,16.0,1.0,0.3893681776787357
17964,14.0,1.0,0.5035747168876505
17965,12.0,1.0,0.445213977699619
17966,15.0,1.0,0.3576833684378245
17967,9.0,1.0,0.4625994702657597
17968,15.0,1.0,0.3543887635001225
17969,15.0,0.0,0.0
17970,12.0,0.0,0.0
17971,15.0,0.0,0.0
17972,13.0,0.0,0.0
17973,13.0,0.0,0.0
17974,9.0,0.0,0.0
17975,10.0,0.0,0.0
17976,11.0,0.0,0.0
17977,10.0,0.0,0.0
17978,14.0,1.0,0.6295407205901951
17979,8.0,1.0,0.8122146681309602
17980,15.0,1.0,0.5509234781644494
17981,6.0,1.0,0.10450286637901704
17982,3.0,1.0,0.5076373135171425
17983,6.0,1.0,0.7828415381037238
17984,16.0,1.0,0.9387913748480483
17985,8.0,1.0,0.7904090151398573
17986,15.0,1.0,0.8973786673584165
17987,8.0,1.0,0.27396697509538337
17988,10.0,0.0,0.0
17989,12.0,0.0,0.0
17990,14.0,0.0,0.0
17991,13.0,0.0,0.0
17992,7.0,0.0,0.0
17993,15.0,0.0,0.0
17994,13.0,0.0,0.0
17995,6.0,0.0,0.0
17996,11.0,0.0,0.0
17997,23.0,0.0,0.0
17998,4.0,0.0,0.0
17999,19.0,0.0,0.0
18000,7.0,0.0,0.0
18001,12.0,0.0,0.0
18002,16.0,1.0,0.21802567630777905
18003,9.0,1.0,0.4018432560999708
18004,10.0,3.0,2.2725420037740465
18005,18.0,3.0,2.0218087844913626
18006,7.0,3.0,1.527221308266074
18007,10.0,3.0,1.4825495773655166
18008,13.0,3.0,1.4307475920565729
18009,15.0,3.0,1.7078936354648553
18010,13.0,4.0,2.0432314644348124
18011,3.0,4.0,2.032589342287316
18012,7.0,3.0,1.675102037766963
18013,12.0,3.0,0.9284152493574508
18014,13.0,1.0,0.19540524284318062
18015,8.0,1.0,0.21076974154872205
18016,9.0,1.0,0.24335123889076918
18017,9.0,1.0,0.1601449676495165
18018,13.0,1.0,0.13771703910966318
18019,5.0,1.0,0.08930055450401157
18020,15.0,0.0,0.0
18021,12.0,0.0,0.0
18022,13.0,0.0,0.0
18023,16.0,0.0,0.0
18024,10.0,0.0,0.0
18025,9.0,2.0,0.31729111805059856
18026,9.0,3.0,0.9081387498931318
18027,10.0,3.0,1.0588450658340416
18028,12.0,3.0,1.2943008769685758
18029,17.0,3.0,1.1123666260792966
18030,14.0,3.0,0.8629530257357487
18031,13.0,3.0,1.1438423254629337
18032,8.0,3.0,0.9315790695745164
18033,16.0,3.0,0.7179201311892537
18034,15.0,3.0,0.4798399343109865
18035,10.0,1.0,0.009301934267910853
18036,13.0,0.0,0.0
18037,10.0,0.0,0.0
18038,14.0,0.0,0.0
18039,15.0,0.0,0.0
18040,15.0,0.0,0.0
18041,18.0,0.0,0.0
18042,14.0,2.0,0.5352107577825832
18043,14.0,2.0,0.4090771644626044
18044,12.0,2.0,0.8561153738645387
18045,10.0,2.0,0.9464105495762996
18046,14.0,2.0,1.281042403021444
18047,12.0,2.0,1.0533932185837895
18048,10.0,4.0,1.3794609865667578
18049,17.0,4.0,0.8538728965916945
18050,14.0,4.0,1.517695643210614
18051,16.0,4.0,1.41037567079531
18052,14.0,2.0,0.7152208272193894
18053,12.0,2.0,0.7374860670663957
18054,13.0,3.0,0.6720258029692779
18055,12.0,3.0,0.5786386710819409
18056,12.0,3.0,0.6752600900380307
18057,14.0,3.0,0.7798601392086542
18058,9.0,1.0,0.26504701372817047
18059,7.0,1.0,0.25043225082596055
18060,22.0,1.0,0.23080355901288999
18061,10.0,1.0,0.22990347570515007
18062,9.0,1.0,0.2433867175230497
18063,9.0,1.0,0.16989888204929124
18064,12.0,0.0,0.0
18065,17.0,0.0,0.0
18066,14.0,0.0,0.0
18067,13.0,0.0,0.0
18068,18.0,2.0,1.017126444595624
18069,14.0,2.0,1.1933926518155302
18070,11.0,2.0,0.4335850870434055
18071,16.0,2.0,0.20637204605561316
18072,13.0,2.0,1.3440395702771646
18073,13.0,2.0,1.734241100735707
18074,8.0,2.0,1.6223667798514239
18075,11.0,2.0,2.0690886322958093
18076,11.0,2.0,1.5992287285894782
18077,10.0,2.0,1.9609942055493084
18078,13.0,0.0,0.0
18079,12.0,0.0,0.0
18080,8.0,1.0,0.6410609026908363
18081,13.0,1.0,0.5155870195178729
18082,8.0,1.0,0.34001317678354315
18083,13.0,1.0,0.609153748262603
18084,10.0,1.0,0.5097778213855151
18085,18.0,1.0,0.5248540037839081
18086,7.0,1.0,0.6457247760236023
18087,11.0,1.0,0.46868902704474114
18088,17.0,1.0,0.6045814436612893
18089,18.0,1.0,0.05380332931871258
18090,11.0,0.0,0.0
18091,12.0,0.0,0.0
18092,16.0,0.0,0.0
18093,12.0,0.0,0.0
18094,19.0,1.0,0.6389706568248154
18095,10.0,1.0,0.1631236922052575
18096,12.0,1.0,0.26158270255944055
18097,3.0,1.0,0.6975007777041804
18098,11.0,1.0,0.7760108795825493
18099,13.0,1.0,0.7239666567701564
18100,16.0,1.0,1.0286899898774686
18101,13.0,1.0,1.2853960094251806
18102,12.0,1.0,0.9520817157519408
18103,2.0,2.0,0.7608173829735513
18104,14.0,2.0,0.3823261978378897
18105,13.0,2.0,0.5592158959940104
18106,11.0,2.0,0.5133488577876797
18107,12.0,3.0,0.767898523154764
18108,15.0,3.0,0.7805199135261629
18109,15.0,3.0,0.8403505490050048
18110,5.0,3.0,0.8783048295567063
18111,17.0,3.0,0.9151570200225588
18112,13.0,3.0,0.6708477860469199
18113,13.0,2.0,0.4751111042120852
18114,12.0,1.0,0.36677826374909756
18115,12.0,2.0,0.6492751620369506
18116,10.0,2.0,0.715578197291998
18117,3.0,1.0,0.3508980417358027
18118,8.0,1.0,0.3372086187146246
18119,16.0,1.0,0.3827967123749248
18120,15.0,1.0,0.45014060072661793
18121,9.0,1.0,0.445284434634799
18122,14.0,1.0,0.20535104992392395
18123,12.0,1.0,0.3248684803899208
18124,12.0,1.0,0.2942070008851683
18125,10.0,0.0,0.0
18126,9.0,0.0,0.0
18127,17.0,0.0,0.0
18128,12.0,0.0,0.0
18129,6.0,1.0,0.3885489105300949
18130,16.0,1.0,0.17843147925287148
18131,11.0,1.0,0.5231911976369841
18132,13.0,1.0,0.626826358845916
18133,8.0,1.0,0.6323808700066377
18134,10.0,1.0,0.4223248432419726
18135,10.0,1.0,0.3725126722128759
18136,8.0,1.0,0.16143824694010675
18137,8.0,1.0,0.42447295693335796
18138,5.0,1.0,0.5781652185574587
18139,11.0,0.0,0.0
18140,14.0,0.0,0.0
18141,14.0,0.0,0.0
18142,11.0,1.0,0.15161815125415312
18143,9.0,1.0,0.19790516048550538
18144,15.0,1.0,0.20415110257572347
18145,17.0,1.0,0.13503588755002777
18146,10.0,1.0,0.14995712557341245
18147,14.0,1.0,0.16976710096080747
18148,11.0,1.0,0.18827740723258987
18149,16.0,1.0,0.1769715002547443
18150,11.0,1.0,0.1378815821351367
18151,13.0,1.0,0.1312870480023655
18152,12.0,0.0,0.0
18153,12.0,0.0,0.0
18154,14.0,0.0,0.0
18155,9.0,0.0,0.0
18156,14.0,0.0,0.0
18157,12.0,0.0,0.0
18158,7.0,0.0,0.0
18159,14.0,0.0,0.0
18160,12.0,0.0,0.0
18161,12.0,0.0,0.0
18162,7.0,0.0,0.0
18163,17.0,0.0,0.0
18164,14.0,0.0,0.0
18165,13.0,0.0,0.0
18166,9.0,0.0,0.0
18167,5.0,1.0,0.5586313282745559
18168,11.0,1.0,0.6268600064816491
18169,6.0,1.0,0.6284961658707237
18170,7.0,2.0,0.8074673818305367
18171,11.0,2.0,1.0055676152060462
18172,14.0,2.0,0.615677387097995
18173,9.0,4.0,0.9708244112799761
18174,15.0,4.0,1.5297981655606407
18175,17.0,4.0,1.997015514794919
18176,13.0,4.0,2.0942882492287755
18177,14.0,3.0,1.1220403539140582
18178,15.0,3.0,1.0553993219400863
18179,13.0,4.0,2.6501090136141494
18180,10.0,3.0,1.2603190525367152
18181,5.0,3.0,1.354146095040395
18182,14.0,3.0,1.087645044472962
18183,12.0,1.0,0.9207698865546392
18184,15.0,1.0,0.6772012564303042
18185,10.0,1.0,0.9555180605974234
18186,15.0,1.0,0.9355802484497129
18187,12.0,1.0,0.9754788855217902
18188,12.0,1.0,0.7605132598231664
18189,18.0,0.0,0.0
18190,7.0,0.0,0.0
18191,9.0,0.0,0.0
18192,14.0,0.0,0.0
18193,10.0,0.0,0.0
18194,13.0,0.0,0.0
18195,10.0,0.0,0.0
18196,11.0,0.0,0.0
18197,16.0,0.0,0.0
18198,6.0,0.0,0.0
18199,9.0,2.0,0.3835111988834895
18200,8.0,2.0,0.3650194424637788
18201,12.0,2.0,0.4968513297508588
18202,16.0,2.0,0.566908278596056
18203,10.0,2.0,0.4971957351380363
18204,17.0,2.0,0.5134989109174375
18205,13.0,3.0,0.7735108430602322
18206,15.0,3.0,0.741974413680471
18207,13.0,3.0,1.4265983609274233
18208,14.0,3.0,1.2380211801448515
18209,15.0,1.0,1.210910040918844
18210,13.0,1.0,1.1878425739702643
18211,10.0,2.0,1.0794638802766625
18212,11.0,2.0,0.8841476274005983
18213,11.0,2.0,0.37103410529640857
18214,17.0,2.0,0.8034928307715997
18215,13.0,1.0,0.21959978178063513
18216,11.0,1.0,0.1742799658114019
18217,12.0,1.0,0.20889151117878033
18218,15.0,1.0,0.20415252837551157
18219,12.0,1.0,0.1858673204489419
18220,7.0,1.0,0.17432826410890714
18221,13.0,0.0,0.0
18222,13.0,0.0,0.0
18223,7.0,0.0,0.0
18224,13.0,1.0,0.46430249275029967
18225,9.0,1.0,0.5870826945098462
18226,10.0,1.0,0.559494429915611
18227,21.0,1.0,0.6423141273424835
18228,12.0,1.0,0.5886438264725653
18229,11.0,1.0,0.0728562979886942
18230,10.0,1.0,0.031203105531524916
18231,10.0,1.0,0.36045222844633196
18232,14.0,1.0,0.5840319819844053
18233,11.0,1.0,0.4982490932997577
18234,10.0,0.0,0.0
18235,14.0,0.0,0.0
18236,13.0,0.0,0.0
18237,7.0,0.0,0.0
18238,7.0,0.0,0.0
18239,20.0,0.0,0.0
18240,10.0,0.0,0.0
18241,15.0,0.0,0.0
18242,10.0,0.0,0.0
18243,9.0,0.0,0.0
18244,11.0,0.0,0.0
18245,8.0,0.0,0.0
18246,15.0,1.0,0.3410032607504769
18247,17.0,1.0,0.242528161433676
18248,9.0,1.0,0.39125970069509997
18249,13.0,1.0,0.31404003856067214
18250,5.0,2.0,0.4697789177968278
18251,17.0,2.0,0.3575498174246247
18252,16.0,2.0,0.28470261597084334
18253,14.0,2.0,0.390309528216224
18254,15.0,2.0,0.49539269181384127
18255,12.0,2.0,0.3682951780058773
18256,10.0,1.0,0.15668947286832446
18257,10.0,1.0,0.12489199814028164
18258,12.0,1.0,0.1114991519062816
18259,13.0,1.0,0.14064241105805766
18260,8.0,0.0,0.0
18261,5.0,0.0,0.0
18262,10.0,0.0,0.0
18263,10.0,0.0,0.0
18264,15.0,0.0,0.0
18265,11.0,0.0,0.0
18266,17.0,0.0,0.0
18267,12.0,0.0,0.0
18268,14.0,0.0,0.0
18269,9.0,0.0,0.0
18270,11.0,0.0,0.0
18271,12.0,0.0,0.0
18272,15.0,1.0,0.6112052274235321
18273,15.0,1.0,0.7977177173605395
18274,11.0,1.0,0.48091140941003463
18275,7.0,1.0,0.5113011479335561
18276,11.0,2.0,1.0314692523351068
18277,9.0,2.0,0.8905544981675402
18278,7.0,2.0,0.7003246688617184
18279,11.0,2.0,0.9890855529306116
18280,11.0,3.0,1.1675942179861052
18281,12.0,3.0,0.7397370971030668
18282,18.0,2.0,0.5957459243839778
18283,12.0,2.0,0.5703133690241895
18284,17.0,2.0,0.5549126221416494
18285,9.0,2.0,0.5483686617570057
18286,11.0,2.0,0.7406333009740758
18287,8.0,2.0,0.6470295352165275
18288,12.0,2.0,0.7064983167727715
18289,14.0,2.0,0.7087251556622168
18290,15.0,1.0,0.5728712796310457
18291,10.0,1.0,0.5641995673904009
18292,18.0,1.0,0.3317761083178681
18293,13.0,1.0,0.47749944590224075
18294,13.0,1.0,0.5581116218473745
18295,12.0,1.0,0.3399613416185103
18296,14.0,0.0,0.0
18297,15.0,0.0,0.0
18298,5.0,0.0,0.0
18299,13.0,0.0,0.0
18300,15.0,0.0,0.0
18301,14.0,0.0,0.0
18302,16.0,0.0,0.0
18303,8.0,0.0,0.0
18304,13.0,0.0,0.0
18305,5.0,0.0,0.0
18306,16.0,0.0,0.0
18307,13.0,0.0,0.0
18308,10.0,0.0,0.0
18309,13.0,1.0,0.10305798427167305
18310,10.0,1.0,0.4742181665642842
18311,17.0,1.0,0.6159491174309973
18312,15.0,1.0,0.47270121585755354
18313,9.0,1.0,0.6005772572307744
18314,18.0,2.0,0.524309946079167
18315,11.0,2.0,0.7323436049877486
18316,16.0,3.0,0.8762737163035454
18317,12.0,3.0,0.8462537870379371
18318,11.0,4.0,1.0554577858566085
18319,11.0,3.0,0.9186877157785036
18320,13.0,3.0,0.9466497178102162
18321,20.0,3.0,0.5622688853843595
18322,11.0,3.0,0.3615372038039581
18323,9.0,3.0,0.80645269365979
18324,13.0,3.0,0.824959708420947
18325,18.0,3.0,0.384949300867086
18326,9.0,2.0,0.3212352837408147
18327,9.0,2.0,0.7377663028095602
18328,12.0,1.0,0.37945752056330584
18329,19.0,1.0,0.2859915083008766
18330,9.0,1.0,0.3191752696497606
18331,11.0,1.0,0.26445539176983296
18332,10.0,1.0,0.23605124985219283
18333,20.0,1.0,0.0284719230111497
18334,15.0,0.0,0.0
18335,13.0,0.0,0.0
18336,16.0,0.0,0.0
18337,12.0,0.0,0.0
18338,8.0,0.0,0.0
18339,12.0,0.0,0.0
18340,15.0,0.0,0.0
18341,11.0,0.0,0.0
18342,9.0,0.0,0.0
18343,17.0,0.0,0.0
18344,13.0,0.0,0.0
18345,14.0,0.0,0.0
18346,12.0,1.0,0.38102267002246454
18347,6.0,1.0,0.4222913937447421
18348,17.0,1.0,0.3357243120395949
18349,15.0,1.0,0.18995539590015628
18350,11.0,1.0,0.35282905058652736
18351,13.0,1.0,0.28603046034083457
18352,11.0,1.0,0.2819171272252503
18353,8.0,1.0,0.4169174963402338
18354,15.0,1.0,0.38248038403778184
18355,20.0,1.0,0.20761067482897677
18356,11.0,0.0,0.0
18357,9.0,1.0,0.039486935286165925
18358,13.0,1.0,0.1191268530106024
18359,8.0,2.0,0.43377017730724743
18360,14.0,2.0,0.407815496240175
18361,12.0,2.0,0.45270442344000317
18362,18.0,2.0,0.4461602448639753
18363,12.0,2.0,0.3978791339873904
18364,17.0,2.0,0.2515383964450536
18365,16.0,2.0,0.2422634843665077
18366,11.0,2.0,0.2682837481309187
18367,13.0,1.0,0.21628332374637266
18368,16.0,1.0,0.2239878975172421
18369,16.0,0.0,0.0
18370,14.0,0.0,0.0
18371,9.0,0.0,0.0
18372,19.0,0.0,0.0
18373,11.0,0.0,0.0
18374,15.0,0.0,0.0
18375,13.0,1.0,0.9121442859210103
18376,11.0,1.0,0.8223159914943731
18377,14.0,1.0,0.7433353252493955
18378,7.0,1.0,0.833798702038727
18379,10.0,1.0,0.7985654020482271
18380,13.0,1.0,0.7241999859507721
18381,13.0,1.0,0.39232093051053085
18382,9.0,1.0,0.28133398747095284
18383,11.0,1.0,0.270173042175095
18384,14.0,1.0,0.6231153456294045
18385,9.0,0.0,0.0
18386,13.0,0.0,0.0
18387,10.0,0.0,0.0
18388,19.0,0.0,0.0
18389,8.0,0.0,0.0
18390,14.0,0.0,0.0
18391,7.0,0.0,0.0
18392,15.0,0.0,0.0
18393,17.0,0.0,0.0
18394,14.0,0.0,0.0
18395,13.0,1.0,0.09656396533429762
18396,11.0,1.0,0.07780747556681816
18397,18.0,1.0,0.06984934449705288
18398,7.0,1.0,0.11894186798906327
18399,6.0,1.0,0.15676225380841016
18400,19.0,1.0,0.17164277604443787
18401,10.0,1.0,0.11780013304076345
18402,8.0,1.0,0.12696521802938598
18403,12.0,1.0,0.10764890769819258
18404,15.0,1.0,0.12486592437316058
18405,7.0,0.0,0.0
18406,17.0,0.0,0.0
18407,18.0,0.0,0.0
18408,9.0,0.0,0.0
18409,13.0,0.0,0.0
18410,8.0,0.0,0.0
18411,6.0,0.0,0.0
18412,15.0,0.0,0.0
18413,11.0,0.0,0.0
18414,8.0,0.0,0.0
18415,11.0,0.0,0.0
18416,14.0,0.0,0.0
18417,15.0,0.0,0.0
18418,13.0,0.0,0.0
18419,17.0,0.0,0.0
18420,11.0,0.0,0.0
18421,13.0,1.0,0.2190428596700996
18422,14.0,1.0,0.255873631602393
18423,19.0,1.0,0.28648144202766007
18424,12.0,1.0,0.4790037320764843
18425,14.0,1.0,0.44797689692174575
18426,13.0,1.0,0.43175244540069957
18427,14.0,1.0,0.27485224165600575
18428,13.0,1.0,0.011831354176141473
18429,15.0,1.0,0.11876006191876068
18430,12.0,1.0,0.1456488288589132
18431,8.0,0.0,0.0
18432,11.0,0.0,0.0
18433,14.0,0.0,0.0
18434,13.0,0.0,0.0
18435,15.0,0.0,0.0
18436,14.0,0.0,0.0
18437,10.0,0.0,0.0
18438,11.0,0.0,0.0
18439,10.0,0.0,0.0
18440,12.0,0.0,0.0
18441,15.0,0.0,0.0
18442,10.0,0.0,0.0
18443,12.0,0.0,0.0
18444,16.0,0.0,0.0
18445,13.0,0.0,0.0
18446,9.0,1.0,0.04362468429040864
18447,11.0,1.0,0.6167101960493722
18448,12.0,1.0,0.6194097980442375
18449,19.0,2.0,1.1383091327032169
18450,12.0,2.0,1.2379292556738781
18451,10.0,3.0,1.4333200665777919
18452,10.0,3.0,1.4431096097686675
18453,8.0,3.0,1.3303440087842913
18454,11.0,3.0,0.6431769420987375
18455,9.0,3.0,0.21871169985343
18456,7.0,2.0,0.5631805274076042
18457,14.0,2.0,1.0190746991294326
18458,15.0,2.0,0.7372647080359725
18459,13.0,1.0,0.11159148001614425
18460,18.0,1.0,0.10891491459863772
18461,7.0,0.0,0.0
18462,13.0,0.0,0.0
18463,10.0,0.0,0.0
18464,15.0,0.0,0.0
18465,10.0,0.0,0.0
18466,9.0,0.0,0.0
18467,12.0,0.0,0.0
18468,9.0,0.0,0.0
18469,14.0,0.0,0.0
18470,8.0,0.0,0.0
18471,15.0,0.0,0.0
18472,10.0,0.0,0.0
18473,6.0,0.0,0.0
18474,7.0,0.0,0.0
18475,15.0,0.0,0.0
18476,11.0,1.0,0.6158595327923538
18477,13.0,1.0,0.5219699041789937
18478,12.0,1.0,0.5451597853332115
18479,18.0,2.0,0.43679821732062013
18480,15.0,2.0,1.0885047810780477
18481,15.0,2.0,1.0934069840218759
18482,12.0,2.0,1.09328982992198
18483,8.0,2.0,1.1046836503803832
18484,11.0,2.0,1.1205367147612781
18485,10.0,2.0,1.1769984879179713
18486,17.0,1.0,0.4812562085439418
18487,15.0,1.0,0.4266365824261282
18488,12.0,1.0,0.3180400570404933
18489,11.0,0.0,0.0
18490,11.0,0.0,0.0
18491,11.0,0.0,0.0
18492,11.0,0.0,0.0
18493,10.0,0.0,0.0
18494,6.0,0.0,0.0
18495,11.0,0.0,0.0
18496,9.0,0.0,0.0
18497,9.0,0.0,0.0
18498,15.0,0.0,0.0
18499,19.0,1.0,0.3651460796288668
18500,11.0,1.0,0.3710819715114125
18501,8.0,2.0,0.47628497772101647
18502,8.0,2.0,0.6322737105020354
18503,10.0,2.0,0.6378531735402824
18504,18.0,2.0,0.3752426460830705
18505,12.0,2.0,0.44116934111258294
18506,25.0,2.0,0.3927275207809109
18507,10.0,2.0,0.5852259055994862
18508,16.0,2.0,0.5134747849173256
18509,11.0,1.0,0.27166396414530913
18510,13.0,1.0,0.25055856246138003
18511,15.0,0.0,0.0
18512,15.0,0.0,0.0
18513,18.0,0.0,0.0
18514,14.0,0.0,0.0
18515,12.0,0.0,0.0
18516,17.0,0.0,0.0
18517,10.0,0.0,0.0
18518,12.0,0.0,0.0
18519,14.0,1.0,0.3084321845203476
18520,17.0,2.0,0.340447640756125
18521,14.0,2.0,0.17884387895460907
18522,11.0,2.0,0.6111522557306993
18523,10.0,2.0,0.6508680796946823
18524,7.0,2.0,0.32027290691402244
18525,13.0,2.0,0.8163036121439098
18526,7.0,2.0,0.6998939958594829
18527,10.0,2.0,0.7764566988833623
18528,10.0,2.0,0.207242169949366
18529,6.0,1.0,0.10609468208098481
18530,13.0,0.0,0.0
18531,9.0,0.0,0.0
18532,11.0,0.0,0.0
18533,11.0,1.0,0.2603378060397772
18534,14.0,1.0,0.2937349259328831
18535,7.0,1.0,0.21280756271610307
18536,12.0,1.0,0.16261694652076736
18537,12.0,1.0,0.2739129013415593
18538,10.0,1.0,0.2838763817310335
18539,14.0,1.0,0.28440646239171774
18540,23.0,1.0,0.31990430853817087
18541,6.0,1.0,0.268009148686803
18542,14.0,1.0,0.18143038309308046
18543,12.0,0.0,0.0
18544,9.0,0.0,0.0
18545,15.0,1.0,0.34088765014195427
18546,13.0,1.0,0.3729395696001055
18547,11.0,1.0,0.43606481392524227
18548,13.0,1.0,0.4207316111932502
18549,10.0,1.0,0.40194022140401225
18550,10.0,1.0,0.3094387577324471
18551,13.0,1.0,0.3382333126668726
18552,10.0,2.0,0.49428325003834256
18553,14.0,2.0,0.37568119005288964
18554,15.0,2.0,0.3883531049509318
18555,11.0,1.0,0.3348476365550009
18556,9.0,1.0,0.38000094477719065
18557,16.0,1.0,0.30890118377056985
18558,7.0,1.0,0.30365830316659403
18559,10.0,1.0,0.3377753272539142
18560,7.0,1.0,0.33181668734350234
18561,11.0,1.0,0.1885443527727554
18562,13.0,0.0,0.0
18563,4.0,0.0,0.0
18564,6.0,0.0,0.0
18565,11.0,0.0,0.0
18566,9.0,0.0,0.0
18567,5.0,0.0,0.0
18568,8.0,0.0,0.0
18569,11.0,0.0,0.0
18570,16.0,0.0,0.0
18571,14.0,0.0,0.0
18572,10.0,0.0,0.0
18573,13.0,0.0,0.0
18574,14.0,0.0,0.0
18575,3.0,0.0,0.0
18576,12.0,0.0,0.0
18577,9.0,0.0,0.0
18578,16.0,0.0,0.0
18579,13.0,0.0,0.0
18580,15.0,0.0,0.0
18581,11.0,0.0,0.0
18582,10.0,0.0,0.0
18583,12.0,0.0,0.0
18584,19.0,0.0,0.0
18585,14.0,0.0,0.0
18586,13.0,0.0,0.0
18587,18.0,2.0,0.5268952984688748
18588,11.0,2.0,0.75965084570436
18589,12.0,2.0,0.9612979130432046
18590,12.0,4.0,1.753184776678793
18591,13.0,4.0,1.6361560211224089
18592,15.0,4.0,2.029339832457068
18593,13.0,4.0,1.9707280376026857
18594,19.0,4.0,1.3798523312615407
18595,14.0,4.0,1.2879770353947828
18596,7.0,4.0,0.6757437658070339
18597,12.0,2.0,1.0463724411375868
18598,10.0,2.0,1.1402910906596975
18599,11.0,2.0,1.0510009402083336
